-74.256922 40.489100
-74.256922 40.480110
-74.256922 40.471120
-74.247243 40.489100
-74.247243 40.480110
-74.247243 40.471120
-74.237564 40.489100
-74.237564 40.480110
-74.237564 40.471120
-74.227885 40.498090
-74.227885 40.489100
-74.227885 40.480110
-74.227885 40.471120
-74.227885 40.462130
-74.218206 40.498090
-74.218206 40.489100
-74.218206 40.480110
-74.218206 40.471120
-74.218206 40.462130
-74.208526 40.507080
-74.208526 40.498090
-74.208526 40.489100
-74.208526 40.480110
-74.208526 40.471120
-74.208526 40.462130
-74.198847 40.507080
-74.198847 40.498090
-74.198847 40.489100
-74.198847 40.480110
-74.198847 40.471120
-74.198847 40.462130
-74.198847 40.453140
-74.189168 40.507080
-74.189168 40.498090
-74.189168 40.489100
-74.189168 40.480110
-74.189168 40.471120
-74.189168 40.462130
-74.179489 40.516070
-74.179489 40.507080
-74.179489 40.498090
-74.179489 40.489100
-74.179489 40.480110
-74.179489 40.471120
-74.169810 40.516070
-74.169810 40.507080
-74.169810 40.498090
-74.169810 40.489100
-74.169810 40.480110
-74.169810 40.471120
-74.169810 40.462130
-74.160130 40.516070
-74.160130 40.507080
-74.160130 40.498090
-74.160130 40.489100
-74.160130 40.480110
-74.160130 40.471120
-74.160130 40.462130
-74.150451 40.525060
-74.150451 40.516070
-74.150451 40.507080
-74.150451 40.498090
-74.150451 40.489100
-74.150451 40.480110
-74.150451 40.471120
-74.150451 40.462130
-74.140772 40.525060
-74.140772 40.516070
-74.140772 40.507080
-74.140772 40.498090
-74.140772 40.489100
-74.140772 40.480110
-74.140772 40.471120
-74.140772 40.462130
-74.131093 40.525060
-74.131093 40.516070
-74.131093 40.507080
-74.131093 40.498090
-74.131093 40.489100
-74.131093 40.480110
-74.131093 40.471120
-74.131093 40.462130
-74.121414 40.534050
-74.121414 40.525060
-74.121414 40.516070
-74.121414 40.507080
-74.121414 40.498090
-74.121414 40.489100
-74.121414 40.480110
-74.121414 40.471120
-74.121414 40.462130
-74.111734 40.543040
-74.111734 40.534050
-74.111734 40.525060
-74.111734 40.516070
-74.111734 40.507080
-74.111734 40.498090
-74.111734 40.489100
-74.111734 40.480110
-74.111734 40.471120
-74.111734 40.462130
-74.111734 40.453140
-74.102055 40.543040
-74.102055 40.534050
-74.102055 40.525060
-74.102055 40.516070
-74.102055 40.507080
-74.102055 40.498090
-74.102055 40.489100
-74.102055 40.480110
-74.102055 40.471120
-74.102055 40.462130
-74.102055 40.453140
-74.092376 40.561020
-74.092376 40.552030
-74.092376 40.543040
-74.092376 40.534050
-74.092376 40.525060
-74.092376 40.516070
-74.092376 40.507080
-74.092376 40.498090
-74.092376 40.489100
-74.092376 40.480110
-74.092376 40.471120
-74.092376 40.462130
-74.092376 40.453140
-74.082697 40.561020
-74.082697 40.552030
-74.082697 40.543040
-74.082697 40.534050
-74.082697 40.525060
-74.082697 40.516070
-74.082697 40.507080
-74.082697 40.498090
-74.082697 40.489100
-74.082697 40.480110
-74.082697 40.471120
-74.082697 40.462130
-74.082697 40.453140
-74.082697 40.444150
-74.073018 40.570010
-74.073018 40.561020
-74.073018 40.552030
-74.073018 40.543040
-74.073018 40.534050
-74.073018 40.525060
-74.073018 40.516070
-74.073018 40.507080
-74.073018 40.498090
-74.073018 40.489100
-74.073018 40.480110
-74.073018 40.471120
-74.073018 40.462130
-74.073018 40.453140
-74.073018 40.444150
-74.063338 40.579000
-74.063338 40.570010
-74.063338 40.561020
-74.063338 40.552030
-74.063338 40.543040
-74.063338 40.534050
-74.063338 40.525060
-74.063338 40.516070
-74.063338 40.507080
-74.063338 40.498090
-74.063338 40.489100
-74.063338 40.480110
-74.063338 40.471120
-74.063338 40.462130
-74.063338 40.453140
-74.063338 40.444150
-74.063338 40.435160
-74.053659 40.587990
-74.053659 40.561020
-74.053659 40.552030
-74.053659 40.543040
-74.053659 40.534050
-74.053659 40.525060
-74.053659 40.516070
-74.053659 40.507080
-74.053659 40.498090
-74.053659 40.489100
-74.053659 40.480110
-74.053659 40.471120
-74.053659 40.462130
-74.053659 40.453140
-74.053659 40.444150
-74.053659 40.435160
-74.043980 40.596980
-74.043980 40.587990
-74.043980 40.579000
-74.043980 40.570010
-74.043980 40.561020
-74.043980 40.552030
-74.043980 40.543040
-74.043980 40.534050
-74.043980 40.525060
-74.043980 40.516070
-74.043980 40.507080
-74.043980 40.498090
-74.043980 40.489100
-74.043980 40.480110
-74.043980 40.471120
-74.043980 40.462130
-74.043980 40.453140
-74.043980 40.444150
-74.043980 40.435160
-74.043980 40.426170
-74.034301 40.596980
-74.034301 40.587990
-74.034301 40.579000
-74.034301 40.570010
-74.034301 40.561020
-74.034301 40.552030
-74.034301 40.543040
-74.034301 40.534050
-74.034301 40.525060
-74.034301 40.516070
-74.034301 40.507080
-74.034301 40.498090
-74.034301 40.489100
-74.034301 40.480110
-74.034301 40.471120
-74.034301 40.462130
-74.034301 40.453140
-74.034301 40.444150
-74.034301 40.435160
-74.034301 40.426170
-74.024622 40.596980
-74.024622 40.587990
-74.024622 40.579000
-74.024622 40.570010
-74.024622 40.561020
-74.024622 40.552030
-74.024622 40.543040
-74.024622 40.534050
-74.024622 40.525060
-74.024622 40.516070
-74.024622 40.507080
-74.024622 40.498090
-74.024622 40.489100
-74.024622 40.480110
-74.024622 40.462130
-74.024622 40.453140
-74.024622 40.444150
-74.024622 40.435160
-74.024622 40.426170
-74.014942 40.587990
-74.014942 40.561020
-74.014942 40.552030
-74.014942 40.543040
-74.014942 40.534050
-74.014942 40.525060
-74.014942 40.516070
-74.014942 40.507080
-74.014942 40.498090
-74.014942 40.489100
-74.014942 40.453140
-74.014942 40.444150
-74.014942 40.435160
-74.014942 40.426170
-74.005263 40.587990
-74.005263 40.561020
-74.005263 40.552030
-74.005263 40.543040
-74.005263 40.534050
-74.005263 40.525060
-74.005263 40.516070
-74.005263 40.507080
-74.005263 40.498090
-74.005263 40.489100
-74.005263 40.435160
-74.005263 40.426170
-74.005263 40.417180
-73.995584 40.561020
-73.995584 40.552030
-73.995584 40.543040
-73.995584 40.534050
-73.995584 40.525060
-73.995584 40.516070
-73.995584 40.507080
-73.995584 40.498090
-73.995584 40.489100
-73.995584 40.480110
-73.995584 40.417180
-73.995584 40.345260
-73.995584 40.210410
-73.995584 40.201420
-73.985905 40.561020
-73.985905 40.552030
-73.985905 40.543040
-73.985905 40.534050
-73.985905 40.525060
-73.985905 40.516070
-73.985905 40.507080
-73.985905 40.498090
-73.985905 40.489100
-73.985905 40.480110
-73.985905 40.471120
-73.985905 40.462130
-73.985905 40.246370
-73.985905 40.237380
-73.985905 40.228390
-73.985905 40.219400
-73.985905 40.210410
-73.985905 40.201420
-73.976226 40.561020
-73.976226 40.552030
-73.976226 40.543040
-73.976226 40.534050
-73.976226 40.525060
-73.976226 40.516070
-73.976226 40.507080
-73.976226 40.498090
-73.976226 40.489100
-73.976226 40.480110
-73.976226 40.471120
-73.976226 40.462130
-73.976226 40.453140
-73.976226 40.282330
-73.976226 40.273340
-73.976226 40.264350
-73.976226 40.255360
-73.976226 40.246370
-73.976226 40.237380
-73.976226 40.228390
-73.976226 40.219400
-73.976226 40.210410
-73.976226 40.201420
-73.966546 40.570010
-73.966546 40.561020
-73.966546 40.552030
-73.966546 40.543040
-73.966546 40.534050
-73.966546 40.525060
-73.966546 40.516070
-73.966546 40.507080
-73.966546 40.498090
-73.966546 40.489100
-73.966546 40.480110
-73.966546 40.471120
-73.966546 40.462130
-73.966546 40.453140
-73.966546 40.444150
-73.966546 40.435160
-73.966546 40.426170
-73.966546 40.417180
-73.966546 40.408190
-73.966546 40.399200
-73.966546 40.390210
-73.966546 40.381220
-73.966546 40.327280
-73.966546 40.318290
-73.966546 40.309300
-73.966546 40.300310
-73.966546 40.291320
-73.966546 40.282330
-73.966546 40.273340
-73.966546 40.264350
-73.966546 40.255360
-73.966546 40.246370
-73.966546 40.237380
-73.966546 40.228390
-73.966546 40.219400
-73.966546 40.210410
-73.966546 40.201420
-73.956867 40.570010
-73.956867 40.561020
-73.956867 40.552030
-73.956867 40.543040
-73.956867 40.534050
-73.956867 40.525060
-73.956867 40.516070
-73.956867 40.507080
-73.956867 40.498090
-73.956867 40.489100
-73.956867 40.480110
-73.956867 40.471120
-73.956867 40.462130
-73.956867 40.453140
-73.956867 40.444150
-73.956867 40.435160
-73.956867 40.426170
-73.956867 40.417180
-73.956867 40.408190
-73.956867 40.399200
-73.956867 40.390210
-73.956867 40.381220
-73.956867 40.372230
-73.956867 40.363240
-73.956867 40.354250
-73.956867 40.345260
-73.956867 40.336270
-73.956867 40.327280
-73.956867 40.318290
-73.956867 40.309300
-73.956867 40.300310
-73.956867 40.291320
-73.956867 40.282330
-73.956867 40.273340
-73.956867 40.264350
-73.956867 40.255360
-73.956867 40.246370
-73.956867 40.237380
-73.956867 40.228390
-73.956867 40.219400
-73.956867 40.210410
-73.956867 40.201420
-73.947188 40.570010
-73.947188 40.561020
-73.947188 40.552030
-73.947188 40.543040
-73.947188 40.534050
-73.947188 40.525060
-73.947188 40.516070
-73.947188 40.507080
-73.947188 40.498090
-73.947188 40.489100
-73.947188 40.480110
-73.947188 40.471120
-73.947188 40.462130
-73.947188 40.453140
-73.947188 40.444150
-73.947188 40.435160
-73.947188 40.426170
-73.947188 40.417180
-73.947188 40.408190
-73.947188 40.399200
-73.947188 40.390210
-73.947188 40.381220
-73.947188 40.372230
-73.947188 40.363240
-73.947188 40.354250
-73.947188 40.345260
-73.947188 40.336270
-73.947188 40.327280
-73.947188 40.318290
-73.947188 40.309300
-73.947188 40.300310
-73.947188 40.291320
-73.947188 40.282330
-73.947188 40.273340
-73.947188 40.264350
-73.947188 40.255360
-73.947188 40.246370
-73.947188 40.237380
-73.947188 40.228390
-73.947188 40.219400
-73.947188 40.210410
-73.947188 40.201420
-73.937509 40.570010
-73.937509 40.534050
-73.937509 40.525060
-73.937509 40.516070
-73.937509 40.507080
-73.937509 40.498090
-73.937509 40.489100
-73.937509 40.480110
-73.937509 40.471120
-73.937509 40.462130
-73.937509 40.453140
-73.937509 40.444150
-73.937509 40.435160
-73.937509 40.426170
-73.937509 40.417180
-73.937509 40.408190
-73.937509 40.399200
-73.937509 40.390210
-73.937509 40.381220
-73.937509 40.372230
-73.937509 40.363240
-73.937509 40.354250
-73.937509 40.345260
-73.937509 40.336270
-73.937509 40.327280
-73.937509 40.318290
-73.937509 40.309300
-73.937509 40.300310
-73.937509 40.291320
-73.937509 40.282330
-73.937509 40.273340
-73.937509 40.264350
-73.937509 40.255360
-73.937509 40.246370
-73.937509 40.237380
-73.937509 40.228390
-73.937509 40.219400
-73.937509 40.210410
-73.937509 40.201420
-73.927830 40.570010
-73.927830 40.543040
-73.927830 40.534050
-73.927830 40.525060
-73.927830 40.516070
-73.927830 40.507080
-73.927830 40.498090
-73.927830 40.489100
-73.927830 40.480110
-73.927830 40.471120
-73.927830 40.462130
-73.927830 40.453140
-73.927830 40.444150
-73.927830 40.435160
-73.927830 40.426170
-73.927830 40.417180
-73.927830 40.408190
-73.927830 40.399200
-73.927830 40.390210
-73.927830 40.381220
-73.927830 40.372230
-73.927830 40.363240
-73.927830 40.354250
-73.927830 40.345260
-73.927830 40.336270
-73.927830 40.327280
-73.927830 40.318290
-73.927830 40.309300
-73.927830 40.300310
-73.927830 40.291320
-73.927830 40.282330
-73.927830 40.273340
-73.927830 40.264350
-73.927830 40.255360
-73.927830 40.246370
-73.927830 40.237380
-73.927830 40.228390
-73.927830 40.219400
-73.927830 40.210410
-73.927830 40.201420
-73.918150 40.570010
-73.918150 40.543040
-73.918150 40.534050
-73.918150 40.525060
-73.918150 40.516070
-73.918150 40.507080
-73.918150 40.498090
-73.918150 40.489100
-73.918150 40.480110
-73.918150 40.471120
-73.918150 40.462130
-73.918150 40.453140
-73.918150 40.444150
-73.918150 40.435160
-73.918150 40.426170
-73.918150 40.417180
-73.918150 40.408190
-73.918150 40.399200
-73.918150 40.390210
-73.918150 40.381220
-73.918150 40.372230
-73.918150 40.363240
-73.918150 40.354250
-73.918150 40.345260
-73.918150 40.336270
-73.918150 40.327280
-73.918150 40.318290
-73.918150 40.309300
-73.918150 40.300310
-73.918150 40.291320
-73.918150 40.282330
-73.918150 40.273340
-73.918150 40.264350
-73.918150 40.255360
-73.918150 40.246370
-73.918150 40.237380
-73.918150 40.228390
-73.918150 40.219400
-73.918150 40.210410
-73.918150 40.201420
-73.908471 40.579000
-73.908471 40.552030
-73.908471 40.543040
-73.908471 40.534050
-73.908471 40.525060
-73.908471 40.516070
-73.908471 40.507080
-73.908471 40.498090
-73.908471 40.489100
-73.908471 40.480110
-73.908471 40.471120
-73.908471 40.462130
-73.908471 40.453140
-73.908471 40.444150
-73.908471 40.435160
-73.908471 40.426170
-73.908471 40.417180
-73.908471 40.408190
-73.908471 40.399200
-73.908471 40.390210
-73.908471 40.381220
-73.908471 40.372230
-73.908471 40.363240
-73.908471 40.354250
-73.908471 40.345260
-73.908471 40.336270
-73.908471 40.327280
-73.908471 40.318290
-73.908471 40.309300
-73.908471 40.300310
-73.908471 40.291320
-73.908471 40.282330
-73.908471 40.273340
-73.908471 40.264350
-73.908471 40.255360
-73.908471 40.246370
-73.908471 40.237380
-73.908471 40.228390
-73.908471 40.219400
-73.908471 40.210410
-73.908471 40.201420
-73.898792 40.552030
-73.898792 40.543040
-73.898792 40.534050
-73.898792 40.525060
-73.898792 40.516070
-73.898792 40.507080
-73.898792 40.498090
-73.898792 40.489100
-73.898792 40.480110
-73.898792 40.471120
-73.898792 40.462130
-73.898792 40.453140
-73.898792 40.444150
-73.898792 40.435160
-73.898792 40.426170
-73.898792 40.417180
-73.898792 40.408190
-73.898792 40.399200
-73.898792 40.390210
-73.898792 40.381220
-73.898792 40.372230
-73.898792 40.363240
-73.898792 40.354250
-73.898792 40.345260
-73.898792 40.336270
-73.898792 40.327280
-73.898792 40.318290
-73.898792 40.309300
-73.898792 40.300310
-73.898792 40.291320
-73.898792 40.282330
-73.898792 40.273340
-73.898792 40.264350
-73.898792 40.255360
-73.898792 40.246370
-73.898792 40.237380
-73.898792 40.228390
-73.898792 40.219400
-73.898792 40.210410
-73.898792 40.201420
-73.889113 40.552030
-73.889113 40.543040
-73.889113 40.534050
-73.889113 40.525060
-73.889113 40.516070
-73.889113 40.507080
-73.889113 40.498090
-73.889113 40.489100
-73.889113 40.480110
-73.889113 40.471120
-73.889113 40.462130
-73.889113 40.453140
-73.889113 40.444150
-73.889113 40.435160
-73.889113 40.426170
-73.889113 40.417180
-73.889113 40.408190
-73.889113 40.399200
-73.889113 40.390210
-73.889113 40.381220
-73.889113 40.372230
-73.889113 40.363240
-73.889113 40.354250
-73.889113 40.345260
-73.889113 40.336270
-73.889113 40.327280
-73.889113 40.318290
-73.889113 40.309300
-73.889113 40.300310
-73.889113 40.291320
-73.889113 40.282330
-73.889113 40.273340
-73.889113 40.264350
-73.889113 40.255360
-73.889113 40.246370
-73.889113 40.237380
-73.889113 40.228390
-73.889113 40.219400
-73.889113 40.210410
-73.889113 40.201420
-73.879434 40.552030
-73.879434 40.543040
-73.879434 40.534050
-73.879434 40.525060
-73.879434 40.516070
-73.879434 40.507080
-73.879434 40.498090
-73.879434 40.489100
-73.879434 40.480110
-73.879434 40.471120
-73.879434 40.462130
-73.879434 40.453140
-73.879434 40.444150
-73.879434 40.435160
-73.879434 40.426170
-73.879434 40.417180
-73.879434 40.408190
-73.879434 40.399200
-73.879434 40.390210
-73.879434 40.381220
-73.879434 40.372230
-73.879434 40.363240
-73.879434 40.354250
-73.879434 40.345260
-73.879434 40.336270
-73.879434 40.327280
-73.879434 40.318290
-73.879434 40.309300
-73.879434 40.300310
-73.879434 40.291320
-73.879434 40.282330
-73.879434 40.273340
-73.879434 40.264350
-73.879434 40.255360
-73.879434 40.246370
-73.879434 40.237380
-73.879434 40.228390
-73.879434 40.219400
-73.879434 40.210410
-73.879434 40.201420
-73.869754 40.587990
-73.869754 40.579000
-73.869754 40.561020
-73.869754 40.552030
-73.869754 40.543040
-73.869754 40.534050
-73.869754 40.525060
-73.869754 40.516070
-73.869754 40.507080
-73.869754 40.498090
-73.869754 40.489100
-73.869754 40.480110
-73.869754 40.471120
-73.869754 40.462130
-73.869754 40.453140
-73.869754 40.444150
-73.869754 40.435160
-73.869754 40.426170
-73.869754 40.417180
-73.869754 40.408190
-73.869754 40.399200
-73.869754 40.390210
-73.869754 40.381220
-73.869754 40.372230
-73.869754 40.363240
-73.869754 40.354250
-73.869754 40.345260
-73.869754 40.336270
-73.869754 40.327280
-73.869754 40.318290
-73.869754 40.309300
-73.869754 40.300310
-73.869754 40.291320
-73.869754 40.282330
-73.869754 40.273340
-73.869754 40.264350
-73.869754 40.255360
-73.869754 40.246370
-73.869754 40.237380
-73.869754 40.228390
-73.869754 40.219400
-73.869754 40.210410
-73.869754 40.201420
-73.860075 40.587990
-73.860075 40.561020
-73.860075 40.552030
-73.860075 40.543040
-73.860075 40.534050
-73.860075 40.525060
-73.860075 40.516070
-73.860075 40.507080
-73.860075 40.498090
-73.860075 40.489100
-73.860075 40.480110
-73.860075 40.471120
-73.860075 40.462130
-73.860075 40.453140
-73.860075 40.444150
-73.860075 40.435160
-73.860075 40.426170
-73.860075 40.417180
-73.860075 40.408190
-73.860075 40.399200
-73.860075 40.390210
-73.860075 40.381220
-73.860075 40.372230
-73.860075 40.363240
-73.860075 40.354250
-73.860075 40.345260
-73.860075 40.336270
-73.860075 40.327280
-73.860075 40.318290
-73.860075 40.309300
-73.860075 40.300310
-73.860075 40.291320
-73.860075 40.282330
-73.860075 40.273340
-73.860075 40.264350
-73.860075 40.255360
-73.860075 40.246370
-73.860075 40.237380
-73.860075 40.228390
-73.860075 40.219400
-73.860075 40.210410
-73.860075 40.201420
-73.850396 40.587990
-73.850396 40.561020
-73.850396 40.552030
-73.850396 40.543040
-73.850396 40.534050
-73.850396 40.525060
-73.850396 40.516070
-73.850396 40.507080
-73.850396 40.498090
-73.850396 40.489100
-73.850396 40.480110
-73.850396 40.471120
-73.850396 40.462130
-73.850396 40.453140
-73.850396 40.444150
-73.850396 40.435160
-73.850396 40.426170
-73.850396 40.417180
-73.850396 40.408190
-73.850396 40.399200
-73.850396 40.390210
-73.850396 40.381220
-73.850396 40.372230
-73.850396 40.363240
-73.850396 40.354250
-73.850396 40.345260
-73.850396 40.336270
-73.850396 40.327280
-73.850396 40.318290
-73.850396 40.309300
-73.850396 40.300310
-73.850396 40.291320
-73.850396 40.282330
-73.850396 40.273340
-73.850396 40.264350
-73.850396 40.255360
-73.850396 40.246370
-73.850396 40.237380
-73.850396 40.228390
-73.850396 40.219400
-73.850396 40.210410
-73.850396 40.201420
-73.840717 40.570010
-73.840717 40.561020
-73.840717 40.552030
-73.840717 40.543040
-73.840717 40.534050
-73.840717 40.525060
-73.840717 40.516070
-73.840717 40.507080
-73.840717 40.498090
-73.840717 40.489100
-73.840717 40.480110
-73.840717 40.471120
-73.840717 40.462130
-73.840717 40.453140
-73.840717 40.444150
-73.840717 40.435160
-73.840717 40.426170
-73.840717 40.417180
-73.840717 40.408190
-73.840717 40.399200
-73.840717 40.390210
-73.840717 40.381220
-73.840717 40.372230
-73.840717 40.363240
-73.840717 40.354250
-73.840717 40.345260
-73.840717 40.336270
-73.840717 40.327280
-73.840717 40.318290
-73.840717 40.309300
-73.840717 40.300310
-73.840717 40.291320
-73.840717 40.282330
-73.840717 40.273340
-73.840717 40.264350
-73.840717 40.255360
-73.840717 40.246370
-73.840717 40.237380
-73.840717 40.228390
-73.840717 40.219400
-73.840717 40.210410
-73.840717 40.201420
-73.831038 40.570010
-73.831038 40.561020
-73.831038 40.552030
-73.831038 40.543040
-73.831038 40.534050
-73.831038 40.525060
-73.831038 40.516070
-73.831038 40.507080
-73.831038 40.498090
-73.831038 40.489100
-73.831038 40.480110
-73.831038 40.471120
-73.831038 40.462130
-73.831038 40.453140
-73.831038 40.444150
-73.831038 40.435160
-73.831038 40.426170
-73.831038 40.417180
-73.831038 40.408190
-73.831038 40.399200
-73.831038 40.390210
-73.831038 40.381220
-73.831038 40.372230
-73.831038 40.363240
-73.831038 40.354250
-73.831038 40.345260
-73.831038 40.336270
-73.831038 40.327280
-73.831038 40.318290
-73.831038 40.309300
-73.831038 40.300310
-73.831038 40.291320
-73.831038 40.282330
-73.831038 40.273340
-73.831038 40.264350
-73.831038 40.255360
-73.831038 40.246370
-73.831038 40.237380
-73.831038 40.228390
-73.831038 40.219400
-73.831038 40.210410
-73.831038 40.201420
-73.821358 40.570010
-73.821358 40.561020
-73.821358 40.552030
-73.821358 40.543040
-73.821358 40.534050
-73.821358 40.525060
-73.821358 40.516070
-73.821358 40.507080
-73.821358 40.498090
-73.821358 40.489100
-73.821358 40.480110
-73.821358 40.471120
-73.821358 40.462130
-73.821358 40.453140
-73.821358 40.444150
-73.821358 40.435160
-73.821358 40.426170
-73.821358 40.417180
-73.821358 40.408190
-73.821358 40.399200
-73.821358 40.390210
-73.821358 40.381220
-73.821358 40.372230
-73.821358 40.363240
-73.821358 40.354250
-73.821358 40.345260
-73.821358 40.336270
-73.821358 40.327280
-73.821358 40.318290
-73.821358 40.309300
-73.821358 40.300310
-73.821358 40.291320
-73.821358 40.282330
-73.821358 40.273340
-73.821358 40.264350
-73.821358 40.255360
-73.821358 40.246370
-73.821358 40.237380
-73.821358 40.228390
-73.821358 40.219400
-73.821358 40.210410
-73.821358 40.201420
-73.811679 40.579000
-73.811679 40.570010
-73.811679 40.561020
-73.811679 40.552030
-73.811679 40.543040
-73.811679 40.534050
-73.811679 40.525060
-73.811679 40.516070
-73.811679 40.507080
-73.811679 40.498090
-73.811679 40.489100
-73.811679 40.480110
-73.811679 40.471120
-73.811679 40.462130
-73.811679 40.453140
-73.811679 40.444150
-73.811679 40.435160
-73.811679 40.426170
-73.811679 40.417180
-73.811679 40.408190
-73.811679 40.399200
-73.811679 40.390210
-73.811679 40.381220
-73.811679 40.372230
-73.811679 40.363240
-73.811679 40.354250
-73.811679 40.345260
-73.811679 40.336270
-73.811679 40.327280
-73.811679 40.318290
-73.811679 40.309300
-73.811679 40.300310
-73.811679 40.291320
-73.811679 40.282330
-73.811679 40.273340
-73.811679 40.264350
-73.811679 40.255360
-73.811679 40.246370
-73.811679 40.237380
-73.811679 40.228390
-73.811679 40.219400
-73.811679 40.210410
-73.811679 40.201420
-73.802000 40.579000
-73.802000 40.570010
-73.802000 40.561020
-73.802000 40.552030
-73.802000 40.543040
-73.802000 40.534050
-73.802000 40.525060
-73.802000 40.516070
-73.802000 40.507080
-73.802000 40.498090
-73.802000 40.489100
-73.802000 40.480110
-73.802000 40.471120
-73.802000 40.462130
-73.802000 40.453140
-73.802000 40.444150
-73.802000 40.435160
-73.802000 40.426170
-73.802000 40.417180
-73.802000 40.408190
-73.802000 40.399200
-73.802000 40.390210
-73.802000 40.381220
-73.802000 40.372230
-73.802000 40.363240
-73.802000 40.354250
-73.802000 40.345260
-73.802000 40.336270
-73.802000 40.327280
-73.802000 40.318290
-73.802000 40.309300
-73.802000 40.300310
-73.802000 40.291320
-73.802000 40.282330
-73.802000 40.273340
-73.802000 40.264350
-73.802000 40.255360
-73.802000 40.246370
-73.802000 40.237380
-73.802000 40.228390
-73.802000 40.219400
-73.802000 40.210410
-73.802000 40.201420
-73.792321 40.579000
-73.792321 40.570010
-73.792321 40.561020
-73.792321 40.552030
-73.792321 40.543040
-73.792321 40.534050
-73.792321 40.525060
-73.792321 40.516070
-73.792321 40.507080
-73.792321 40.498090
-73.792321 40.489100
-73.792321 40.480110
-73.792321 40.471120
-73.792321 40.462130
-73.792321 40.453140
-73.792321 40.444150
-73.792321 40.435160
-73.792321 40.426170
-73.792321 40.417180
-73.792321 40.408190
-73.792321 40.399200
-73.792321 40.390210
-73.792321 40.381220
-73.792321 40.372230
-73.792321 40.363240
-73.792321 40.354250
-73.792321 40.345260
-73.792321 40.336270
-73.792321 40.327280
-73.792321 40.318290
-73.792321 40.309300
-73.792321 40.300310
-73.792321 40.291320
-73.792321 40.282330
-73.792321 40.273340
-73.792321 40.264350
-73.792321 40.255360
-73.792321 40.246370
-73.792321 40.237380
-73.792321 40.228390
-73.792321 40.219400
-73.792321 40.210410
-73.792321 40.201420
-73.782642 40.579000
-73.782642 40.570010
-73.782642 40.561020
-73.782642 40.552030
-73.782642 40.543040
-73.782642 40.534050
-73.782642 40.525060
-73.782642 40.516070
-73.782642 40.507080
-73.782642 40.498090
-73.782642 40.489100
-73.782642 40.480110
-73.782642 40.471120
-73.782642 40.462130
-73.782642 40.453140
-73.782642 40.444150
-73.782642 40.435160
-73.782642 40.426170
-73.782642 40.417180
-73.782642 40.408190
-73.782642 40.399200
-73.782642 40.390210
-73.782642 40.381220
-73.782642 40.372230
-73.782642 40.363240
-73.782642 40.354250
-73.782642 40.345260
-73.782642 40.336270
-73.782642 40.327280
-73.782642 40.318290
-73.782642 40.309300
-73.782642 40.300310
-73.782642 40.291320
-73.782642 40.282330
-73.782642 40.273340
-73.782642 40.264350
-73.782642 40.255360
-73.782642 40.246370
-73.782642 40.237380
-73.782642 40.228390
-73.782642 40.219400
-73.782642 40.210410
-73.782642 40.201420
-73.772962 40.579000
-73.772962 40.570010
-73.772962 40.561020
-73.772962 40.552030
-73.772962 40.543040
-73.772962 40.534050
-73.772962 40.525060
-73.772962 40.516070
-73.772962 40.507080
-73.772962 40.498090
-73.772962 40.489100
-73.772962 40.480110
-73.772962 40.471120
-73.772962 40.462130
-73.772962 40.453140
-73.772962 40.444150
-73.772962 40.435160
-73.772962 40.426170
-73.772962 40.417180
-73.772962 40.408190
-73.772962 40.399200
-73.772962 40.390210
-73.772962 40.381220
-73.772962 40.372230
-73.772962 40.363240
-73.772962 40.354250
-73.772962 40.345260
-73.772962 40.336270
-73.772962 40.327280
-73.772962 40.318290
-73.772962 40.309300
-73.772962 40.300310
-73.772962 40.291320
-73.772962 40.282330
-73.772962 40.273340
-73.772962 40.264350
-73.772962 40.255360
-73.772962 40.246370
-73.772962 40.237380
-73.772962 40.228390
-73.772962 40.219400
-73.772962 40.210410
-73.772962 40.201420
-73.763283 40.579000
-73.763283 40.570010
-73.763283 40.561020
-73.763283 40.552030
-73.763283 40.543040
-73.763283 40.534050
-73.763283 40.525060
-73.763283 40.516070
-73.763283 40.507080
-73.763283 40.498090
-73.763283 40.489100
-73.763283 40.480110
-73.763283 40.471120
-73.763283 40.462130
-73.763283 40.453140
-73.763283 40.444150
-73.763283 40.435160
-73.763283 40.426170
-73.763283 40.417180
-73.763283 40.408190
-73.763283 40.399200
-73.763283 40.390210
-73.763283 40.381220
-73.763283 40.372230
-73.763283 40.363240
-73.763283 40.354250
-73.763283 40.345260
-73.763283 40.336270
-73.763283 40.327280
-73.763283 40.318290
-73.763283 40.309300
-73.763283 40.300310
-73.763283 40.291320
-73.763283 40.282330
-73.763283 40.273340
-73.763283 40.264350
-73.763283 40.255360
-73.763283 40.246370
-73.763283 40.237380
-73.763283 40.228390
-73.763283 40.219400
-73.763283 40.210410
-73.763283 40.201420
-73.753604 40.587990
-73.753604 40.579000
-73.753604 40.570010
-73.753604 40.561020
-73.753604 40.552030
-73.753604 40.543040
-73.753604 40.534050
-73.753604 40.525060
-73.753604 40.516070
-73.753604 40.507080
-73.753604 40.498090
-73.753604 40.489100
-73.753604 40.480110
-73.753604 40.471120
-73.753604 40.462130
-73.753604 40.453140
-73.753604 40.444150
-73.753604 40.435160
-73.753604 40.426170
-73.753604 40.417180
-73.753604 40.408190
-73.753604 40.399200
-73.753604 40.390210
-73.753604 40.381220
-73.753604 40.372230
-73.753604 40.363240
-73.753604 40.354250
-73.753604 40.345260
-73.753604 40.336270
-73.753604 40.327280
-73.753604 40.318290
-73.753604 40.309300
-73.753604 40.300310
-73.753604 40.291320
-73.753604 40.282330
-73.753604 40.273340
-73.753604 40.264350
-73.753604 40.255360
-73.753604 40.246370
-73.753604 40.237380
-73.753604 40.228390
-73.753604 40.219400
-73.753604 40.210410
-73.753604 40.201420
-73.743925 40.587990
-73.743925 40.579000
-73.743925 40.570010
-73.743925 40.561020
-73.743925 40.552030
-73.743925 40.543040
-73.743925 40.534050
-73.743925 40.525060
-73.743925 40.516070
-73.743925 40.507080
-73.743925 40.498090
-73.743925 40.489100
-73.743925 40.480110
-73.743925 40.471120
-73.743925 40.462130
-73.743925 40.453140
-73.743925 40.444150
-73.743925 40.435160
-73.743925 40.426170
-73.743925 40.417180
-73.743925 40.408190
-73.743925 40.399200
-73.743925 40.390210
-73.743925 40.381220
-73.743925 40.372230
-73.743925 40.363240
-73.743925 40.354250
-73.743925 40.345260
-73.743925 40.336270
-73.743925 40.327280
-73.743925 40.318290
-73.743925 40.309300
-73.743925 40.300310
-73.743925 40.291320
-73.743925 40.282330
-73.743925 40.273340
-73.743925 40.264350
-73.743925 40.255360
-73.743925 40.246370
-73.743925 40.237380
-73.743925 40.228390
-73.743925 40.219400
-73.743925 40.210410
-73.743925 40.201420
-73.734246 40.587990
-73.734246 40.579000
-73.734246 40.570010
-73.734246 40.561020
-73.734246 40.552030
-73.734246 40.543040
-73.734246 40.534050
-73.734246 40.525060
-73.734246 40.516070
-73.734246 40.507080
-73.734246 40.498090
-73.734246 40.489100
-73.734246 40.480110
-73.734246 40.471120
-73.734246 40.462130
-73.734246 40.453140
-73.734246 40.444150
-73.734246 40.435160
-73.734246 40.426170
-73.734246 40.417180
-73.734246 40.408190
-73.734246 40.399200
-73.734246 40.390210
-73.734246 40.381220
-73.734246 40.372230
-73.734246 40.363240
-73.734246 40.354250
-73.734246 40.345260
-73.734246 40.336270
-73.734246 40.327280
-73.734246 40.318290
-73.734246 40.309300
-73.734246 40.300310
-73.734246 40.291320
-73.734246 40.282330
-73.734246 40.273340
-73.734246 40.264350
-73.734246 40.255360
-73.734246 40.246370
-73.734246 40.237380
-73.734246 40.228390
-73.734246 40.219400
-73.734246 40.210410
-73.734246 40.201420
-73.724566 40.587990
-73.724566 40.579000
-73.724566 40.570010
-73.724566 40.561020
-73.724566 40.552030
-73.724566 40.543040
-73.724566 40.534050
-73.724566 40.525060
-73.724566 40.516070
-73.724566 40.507080
-73.724566 40.498090
-73.724566 40.489100
-73.724566 40.480110
-73.724566 40.471120
-73.724566 40.462130
-73.724566 40.453140
-73.724566 40.444150
-73.724566 40.435160
-73.724566 40.426170
-73.724566 40.417180
-73.724566 40.408190
-73.724566 40.399200
-73.724566 40.390210
-73.724566 40.381220
-73.724566 40.372230
-73.724566 40.363240
-73.724566 40.354250
-73.724566 40.345260
-73.724566 40.336270
-73.724566 40.327280
-73.724566 40.318290
-73.724566 40.309300
-73.724566 40.300310
-73.724566 40.291320
-73.724566 40.282330
-73.724566 40.273340
-73.724566 40.264350
-73.724566 40.255360
-73.724566 40.246370
-73.724566 40.237380
-73.724566 40.228390
-73.724566 40.219400
-73.724566 40.210410
-73.724566 40.201420
-73.714887 40.587990
-73.714887 40.579000
-73.714887 40.570010
-73.714887 40.561020
-73.714887 40.552030
-73.714887 40.543040
-73.714887 40.534050
-73.714887 40.525060
-73.714887 40.516070
-73.714887 40.507080
-73.714887 40.498090
-73.714887 40.489100
-73.714887 40.480110
-73.714887 40.471120
-73.714887 40.462130
-73.714887 40.453140
-73.714887 40.444150
-73.714887 40.435160
-73.714887 40.426170
-73.714887 40.417180
-73.714887 40.408190
-73.714887 40.399200
-73.714887 40.390210
-73.714887 40.381220
-73.714887 40.372230
-73.714887 40.363240
-73.714887 40.354250
-73.714887 40.345260
-73.714887 40.336270
-73.714887 40.327280
-73.714887 40.318290
-73.714887 40.309300
-73.714887 40.300310
-73.714887 40.291320
-73.714887 40.282330
-73.714887 40.273340
-73.714887 40.264350
-73.714887 40.255360
-73.714887 40.246370
-73.714887 40.237380
-73.714887 40.228390
-73.714887 40.219400
-73.714887 40.210410
-73.714887 40.201420
-73.705208 40.587990
-73.705208 40.579000
-73.705208 40.570010
-73.705208 40.561020
-73.705208 40.552030
-73.705208 40.543040
-73.705208 40.534050
-73.705208 40.525060
-73.705208 40.516070
-73.705208 40.507080
-73.705208 40.498090
-73.705208 40.489100
-73.705208 40.480110
-73.705208 40.471120
-73.705208 40.462130
-73.705208 40.453140
-73.705208 40.444150
-73.705208 40.435160
-73.705208 40.426170
-73.705208 40.417180
-73.705208 40.408190
-73.705208 40.399200
-73.705208 40.390210
-73.705208 40.381220
-73.705208 40.372230
-73.705208 40.363240
-73.705208 40.354250
-73.705208 40.345260
-73.705208 40.336270
-73.705208 40.327280
-73.705208 40.318290
-73.705208 40.309300
-73.705208 40.300310
-73.705208 40.291320
-73.705208 40.282330
-73.705208 40.273340
-73.705208 40.264350
-73.705208 40.255360
-73.705208 40.246370
-73.705208 40.237380
-73.705208 40.228390
-73.705208 40.219400
-73.705208 40.210410
-73.705208 40.201420
-73.695529 40.587990
-73.695529 40.579000
-73.695529 40.570010
-73.695529 40.561020
-73.695529 40.552030
-73.695529 40.543040
-73.695529 40.534050
-73.695529 40.525060
-73.695529 40.516070
-73.695529 40.507080
-73.695529 40.498090
-73.695529 40.489100
-73.695529 40.480110
-73.695529 40.471120
-73.695529 40.462130
-73.695529 40.453140
-73.695529 40.444150
-73.695529 40.435160
-73.695529 40.426170
-73.695529 40.417180
-73.695529 40.408190
-73.695529 40.399200
-73.695529 40.390210
-73.695529 40.381220
-73.695529 40.372230
-73.695529 40.363240
-73.695529 40.354250
-73.695529 40.345260
-73.695529 40.336270
-73.695529 40.327280
-73.695529 40.318290
-73.695529 40.309300
-73.695529 40.300310
-73.695529 40.291320
-73.695529 40.282330
-73.695529 40.273340
-73.695529 40.264350
-73.695529 40.255360
-73.695529 40.246370
-73.695529 40.237380
-73.695529 40.228390
-73.695529 40.219400
-73.695529 40.210410
-73.695529 40.201420
-73.685850 40.587990
-73.685850 40.579000
-73.685850 40.570010
-73.685850 40.561020
-73.685850 40.552030
-73.685850 40.543040
-73.685850 40.534050
-73.685850 40.525060
-73.685850 40.516070
-73.685850 40.507080
-73.685850 40.498090
-73.685850 40.489100
-73.685850 40.480110
-73.685850 40.471120
-73.685850 40.462130
-73.685850 40.453140
-73.685850 40.444150
-73.685850 40.435160
-73.685850 40.426170
-73.685850 40.417180
-73.685850 40.408190
-73.685850 40.399200
-73.685850 40.390210
-73.685850 40.381220
-73.685850 40.372230
-73.685850 40.363240
-73.685850 40.354250
-73.685850 40.345260
-73.685850 40.336270
-73.685850 40.327280
-73.685850 40.318290
-73.685850 40.309300
-73.685850 40.300310
-73.685850 40.291320
-73.685850 40.282330
-73.685850 40.273340
-73.685850 40.264350
-73.685850 40.255360
-73.685850 40.246370
-73.685850 40.237380
-73.685850 40.228390
-73.685850 40.219400
-73.685850 40.210410
-73.685850 40.201420
-73.676170 40.587990
-73.676170 40.579000
-73.676170 40.570010
-73.676170 40.561020
-73.676170 40.552030
-73.676170 40.543040
-73.676170 40.534050
-73.676170 40.525060
-73.676170 40.516070
-73.676170 40.507080
-73.676170 40.498090
-73.676170 40.489100
-73.676170 40.480110
-73.676170 40.471120
-73.676170 40.462130
-73.676170 40.453140
-73.676170 40.444150
-73.676170 40.435160
-73.676170 40.426170
-73.676170 40.417180
-73.676170 40.408190
-73.676170 40.399200
-73.676170 40.390210
-73.676170 40.381220
-73.676170 40.372230
-73.676170 40.363240
-73.676170 40.354250
-73.676170 40.345260
-73.676170 40.336270
-73.676170 40.327280
-73.676170 40.318290
-73.676170 40.309300
-73.676170 40.300310
-73.676170 40.291320
-73.676170 40.282330
-73.676170 40.273340
-73.676170 40.264350
-73.676170 40.255360
-73.676170 40.246370
-73.676170 40.237380
-73.676170 40.228390
-73.676170 40.219400
-73.676170 40.210410
-73.676170 40.201420
-73.666491 40.587990
-73.666491 40.579000
-73.666491 40.570010
-73.666491 40.561020
-73.666491 40.552030
-73.666491 40.543040
-73.666491 40.534050
-73.666491 40.525060
-73.666491 40.516070
-73.666491 40.507080
-73.666491 40.498090
-73.666491 40.489100
-73.666491 40.480110
-73.666491 40.471120
-73.666491 40.462130
-73.666491 40.453140
-73.666491 40.444150
-73.666491 40.435160
-73.666491 40.426170
-73.666491 40.417180
-73.666491 40.408190
-73.666491 40.399200
-73.666491 40.390210
-73.666491 40.381220
-73.666491 40.372230
-73.666491 40.363240
-73.666491 40.354250
-73.666491 40.345260
-73.666491 40.336270
-73.666491 40.327280
-73.666491 40.318290
-73.666491 40.309300
-73.666491 40.300310
-73.666491 40.291320
-73.666491 40.282330
-73.666491 40.273340
-73.666491 40.264350
-73.666491 40.255360
-73.666491 40.246370
-73.666491 40.237380
-73.666491 40.228390
-73.666491 40.219400
-73.666491 40.210410
-73.666491 40.201420
-73.656812 40.587990
-73.656812 40.579000
-73.656812 40.570010
-73.656812 40.561020
-73.656812 40.552030
-73.656812 40.543040
-73.656812 40.534050
-73.656812 40.525060
-73.656812 40.516070
-73.656812 40.507080
-73.656812 40.498090
-73.656812 40.489100
-73.656812 40.480110
-73.656812 40.471120
-73.656812 40.462130
-73.656812 40.453140
-73.656812 40.444150
-73.656812 40.435160
-73.656812 40.426170
-73.656812 40.417180
-73.656812 40.408190
-73.656812 40.399200
-73.656812 40.390210
-73.656812 40.381220
-73.656812 40.372230
-73.656812 40.363240
-73.656812 40.354250
-73.656812 40.345260
-73.656812 40.336270
-73.656812 40.327280
-73.656812 40.318290
-73.656812 40.309300
-73.656812 40.300310
-73.656812 40.291320
-73.656812 40.282330
-73.656812 40.273340
-73.656812 40.264350
-73.656812 40.255360
-73.656812 40.246370
-73.656812 40.237380
-73.656812 40.228390
-73.656812 40.219400
-73.656812 40.210410
-73.656812 40.201420
-73.647133 40.587990
-73.647133 40.579000
-73.647133 40.570010
-73.647133 40.561020
-73.647133 40.552030
-73.647133 40.543040
-73.647133 40.534050
-73.647133 40.525060
-73.647133 40.516070
-73.647133 40.507080
-73.647133 40.498090
-73.647133 40.489100
-73.647133 40.480110
-73.647133 40.471120
-73.647133 40.462130
-73.647133 40.453140
-73.647133 40.444150
-73.647133 40.435160
-73.647133 40.426170
-73.647133 40.417180
-73.647133 40.408190
-73.647133 40.399200
-73.647133 40.390210
-73.647133 40.381220
-73.647133 40.372230
-73.647133 40.363240
-73.647133 40.354250
-73.647133 40.345260
-73.647133 40.336270
-73.647133 40.327280
-73.647133 40.318290
-73.647133 40.309300
-73.647133 40.300310
-73.647133 40.291320
-73.647133 40.282330
-73.647133 40.273340
-73.647133 40.264350
-73.647133 40.255360
-73.647133 40.246370
-73.647133 40.237380
-73.647133 40.228390
-73.647133 40.219400
-73.647133 40.210410
-73.647133 40.201420
-73.637454 40.587990
-73.637454 40.579000
-73.637454 40.570010
-73.637454 40.561020
-73.637454 40.552030
-73.637454 40.543040
-73.637454 40.534050
-73.637454 40.525060
-73.637454 40.516070
-73.637454 40.507080
-73.637454 40.498090
-73.637454 40.489100
-73.637454 40.480110
-73.637454 40.471120
-73.637454 40.462130
-73.637454 40.453140
-73.637454 40.444150
-73.637454 40.435160
-73.637454 40.426170
-73.637454 40.417180
-73.637454 40.408190
-73.637454 40.399200
-73.637454 40.390210
-73.637454 40.381220
-73.637454 40.372230
-73.637454 40.363240
-73.637454 40.354250
-73.637454 40.345260
-73.637454 40.336270
-73.637454 40.327280
-73.637454 40.318290
-73.637454 40.309300
-73.637454 40.300310
-73.637454 40.291320
-73.637454 40.282330
-73.637454 40.273340
-73.637454 40.264350
-73.637454 40.255360
-73.637454 40.246370
-73.637454 40.237380
-73.637454 40.228390
-73.637454 40.219400
-73.637454 40.210410
-73.637454 40.201420
-73.627774 40.587990
-73.627774 40.579000
-73.627774 40.570010
-73.627774 40.561020
-73.627774 40.552030
-73.627774 40.543040
-73.627774 40.534050
-73.627774 40.525060
-73.627774 40.516070
-73.627774 40.507080
-73.627774 40.498090
-73.627774 40.489100
-73.627774 40.480110
-73.627774 40.471120
-73.627774 40.462130
-73.627774 40.453140
-73.627774 40.444150
-73.627774 40.435160
-73.627774 40.426170
-73.627774 40.417180
-73.627774 40.408190
-73.627774 40.399200
-73.627774 40.390210
-73.627774 40.381220
-73.627774 40.372230
-73.627774 40.363240
-73.627774 40.354250
-73.627774 40.345260
-73.627774 40.336270
-73.627774 40.327280
-73.627774 40.318290
-73.627774 40.309300
-73.627774 40.300310
-73.627774 40.291320
-73.627774 40.282330
-73.627774 40.273340
-73.627774 40.264350
-73.627774 40.255360
-73.627774 40.246370
-73.627774 40.237380
-73.627774 40.228390
-73.627774 40.219400
-73.627774 40.210410
-73.627774 40.201420
-73.618095 40.587990
-73.618095 40.579000
-73.618095 40.570010
-73.618095 40.561020
-73.618095 40.552030
-73.618095 40.543040
-73.618095 40.534050
-73.618095 40.525060
-73.618095 40.516070
-73.618095 40.507080
-73.618095 40.498090
-73.618095 40.489100
-73.618095 40.480110
-73.618095 40.471120
-73.618095 40.462130
-73.618095 40.453140
-73.618095 40.444150
-73.618095 40.435160
-73.618095 40.426170
-73.618095 40.417180
-73.618095 40.408190
-73.618095 40.399200
-73.618095 40.390210
-73.618095 40.381220
-73.618095 40.372230
-73.618095 40.363240
-73.618095 40.354250
-73.618095 40.345260
-73.618095 40.336270
-73.618095 40.327280
-73.618095 40.318290
-73.618095 40.309300
-73.618095 40.300310
-73.618095 40.291320
-73.618095 40.282330
-73.618095 40.273340
-73.618095 40.264350
-73.618095 40.255360
-73.618095 40.246370
-73.618095 40.237380
-73.618095 40.228390
-73.618095 40.219400
-73.618095 40.210410
-73.618095 40.201420
-73.608416 40.587990
-73.608416 40.579000
-73.608416 40.570010
-73.608416 40.561020
-73.608416 40.552030
-73.608416 40.543040
-73.608416 40.534050
-73.608416 40.525060
-73.608416 40.516070
-73.608416 40.507080
-73.608416 40.498090
-73.608416 40.489100
-73.608416 40.480110
-73.608416 40.471120
-73.608416 40.462130
-73.608416 40.453140
-73.608416 40.444150
-73.608416 40.435160
-73.608416 40.426170
-73.608416 40.417180
-73.608416 40.408190
-73.608416 40.399200
-73.608416 40.390210
-73.608416 40.381220
-73.608416 40.372230
-73.608416 40.363240
-73.608416 40.354250
-73.608416 40.345260
-73.608416 40.336270
-73.608416 40.327280
-73.608416 40.318290
-73.608416 40.309300
-73.608416 40.300310
-73.608416 40.291320
-73.608416 40.282330
-73.608416 40.273340
-73.608416 40.264350
-73.608416 40.255360
-73.608416 40.246370
-73.608416 40.237380
-73.608416 40.228390
-73.608416 40.219400
-73.608416 40.210410
-73.608416 40.201420
-73.598737 40.587990
-73.598737 40.579000
-73.598737 40.570010
-73.598737 40.561020
-73.598737 40.552030
-73.598737 40.543040
-73.598737 40.534050
-73.598737 40.525060
-73.598737 40.516070
-73.598737 40.507080
-73.598737 40.498090
-73.598737 40.489100
-73.598737 40.480110
-73.598737 40.471120
-73.598737 40.462130
-73.598737 40.453140
-73.598737 40.444150
-73.598737 40.435160
-73.598737 40.426170
-73.598737 40.417180
-73.598737 40.408190
-73.598737 40.399200
-73.598737 40.390210
-73.598737 40.381220
-73.598737 40.372230
-73.598737 40.363240
-73.598737 40.354250
-73.598737 40.345260
-73.598737 40.336270
-73.598737 40.327280
-73.598737 40.318290
-73.598737 40.309300
-73.598737 40.300310
-73.598737 40.291320
-73.598737 40.282330
-73.598737 40.273340
-73.598737 40.264350
-73.598737 40.255360
-73.598737 40.246370
-73.598737 40.237380
-73.598737 40.228390
-73.598737 40.219400
-73.598737 40.210410
-73.598737 40.201420
-73.589058 40.587990
-73.589058 40.579000
-73.589058 40.570010
-73.589058 40.561020
-73.589058 40.552030
-73.589058 40.543040
-73.589058 40.534050
-73.589058 40.525060
-73.589058 40.516070
-73.589058 40.507080
-73.589058 40.498090
-73.589058 40.489100
-73.589058 40.480110
-73.589058 40.471120
-73.589058 40.462130
-73.589058 40.453140
-73.589058 40.444150
-73.589058 40.435160
-73.589058 40.426170
-73.589058 40.417180
-73.589058 40.408190
-73.589058 40.399200
-73.589058 40.390210
-73.589058 40.381220
-73.589058 40.372230
-73.589058 40.363240
-73.589058 40.354250
-73.589058 40.345260
-73.589058 40.336270
-73.589058 40.327280
-73.589058 40.318290
-73.589058 40.309300
-73.589058 40.300310
-73.589058 40.291320
-73.589058 40.282330
-73.589058 40.273340
-73.589058 40.264350
-73.589058 40.255360
-73.589058 40.246370
-73.589058 40.237380
-73.589058 40.228390
-73.589058 40.219400
-73.589058 40.210410
-73.589058 40.201420
-73.579378 40.587990
-73.579378 40.579000
-73.579378 40.570010
-73.579378 40.561020
-73.579378 40.552030
-73.579378 40.543040
-73.579378 40.534050
-73.579378 40.525060
-73.579378 40.516070
-73.579378 40.507080
-73.579378 40.498090
-73.579378 40.489100
-73.579378 40.480110
-73.579378 40.471120
-73.579378 40.462130
-73.579378 40.453140
-73.579378 40.444150
-73.579378 40.435160
-73.579378 40.426170
-73.579378 40.417180
-73.579378 40.408190
-73.579378 40.399200
-73.579378 40.390210
-73.579378 40.381220
-73.579378 40.372230
-73.579378 40.363240
-73.579378 40.354250
-73.579378 40.345260
-73.579378 40.336270
-73.579378 40.327280
-73.579378 40.318290
-73.579378 40.309300
-73.579378 40.300310
-73.579378 40.291320
-73.579378 40.282330
-73.579378 40.273340
-73.579378 40.264350
-73.579378 40.255360
-73.579378 40.246370
-73.579378 40.237380
-73.579378 40.228390
-73.579378 40.219400
-73.579378 40.210410
-73.579378 40.201420
-73.569699 40.570010
-73.569699 40.561020
-73.569699 40.552030
-73.569699 40.543040
-73.569699 40.534050
-73.569699 40.525060
-73.569699 40.516070
-73.569699 40.507080
-73.569699 40.498090
-73.569699 40.489100
-73.569699 40.480110
-73.569699 40.471120
-73.569699 40.462130
-73.569699 40.453140
-73.569699 40.444150
-73.569699 40.435160
-73.569699 40.426170
-73.569699 40.417180
-73.569699 40.408190
-73.569699 40.399200
-73.569699 40.390210
-73.569699 40.381220
-73.569699 40.372230
-73.569699 40.363240
-73.569699 40.354250
-73.569699 40.345260
-73.569699 40.336270
-73.569699 40.327280
-73.569699 40.318290
-73.569699 40.309300
-73.569699 40.300310
-73.569699 40.291320
-73.569699 40.282330
-73.569699 40.273340
-73.569699 40.264350
-73.569699 40.255360
-73.569699 40.246370
-73.569699 40.237380
-73.569699 40.228390
-73.569699 40.219400
-73.569699 40.210410
-73.569699 40.201420
-73.560020 40.570010
-73.560020 40.561020
-73.560020 40.552030
-73.560020 40.543040
-73.560020 40.534050
-73.560020 40.525060
-73.560020 40.516070
-73.560020 40.507080
-73.560020 40.498090
-73.560020 40.489100
-73.560020 40.480110
-73.560020 40.471120
-73.560020 40.462130
-73.560020 40.453140
-73.560020 40.444150
-73.560020 40.435160
-73.560020 40.426170
-73.560020 40.417180
-73.560020 40.408190
-73.560020 40.399200
-73.560020 40.390210
-73.560020 40.381220
-73.560020 40.372230
-73.560020 40.363240
-73.560020 40.354250
-73.560020 40.345260
-73.560020 40.336270
-73.560020 40.327280
-73.560020 40.318290
-73.560020 40.309300
-73.560020 40.300310
-73.560020 40.291320
-73.560020 40.282330
-73.560020 40.273340
-73.560020 40.264350
-73.560020 40.255360
-73.560020 40.246370
-73.560020 40.237380
-73.560020 40.228390
-73.560020 40.219400
-73.560020 40.210410
-73.560020 40.201420
-73.550341 40.579000
-73.550341 40.570010
-73.550341 40.561020
-73.550341 40.552030
-73.550341 40.543040
-73.550341 40.534050
-73.550341 40.525060
-73.550341 40.516070
-73.550341 40.507080
-73.550341 40.498090
-73.550341 40.489100
-73.550341 40.480110
-73.550341 40.471120
-73.550341 40.462130
-73.550341 40.453140
-73.550341 40.444150
-73.550341 40.435160
-73.550341 40.426170
-73.550341 40.417180
-73.550341 40.408190
-73.550341 40.399200
-73.550341 40.390210
-73.550341 40.381220
-73.550341 40.372230
-73.550341 40.363240
-73.550341 40.354250
-73.550341 40.345260
-73.550341 40.336270
-73.550341 40.327280
-73.550341 40.318290
-73.550341 40.309300
-73.550341 40.300310
-73.550341 40.291320
-73.550341 40.282330
-73.550341 40.273340
-73.550341 40.264350
-73.550341 40.255360
-73.550341 40.246370
-73.550341 40.237380
-73.550341 40.228390
-73.550341 40.219400
-73.550341 40.210410
-73.550341 40.201420
-73.540662 40.579000
-73.540662 40.570010
-73.540662 40.561020
-73.540662 40.552030
-73.540662 40.543040
-73.540662 40.534050
-73.540662 40.525060
-73.540662 40.516070
-73.540662 40.507080
-73.540662 40.498090
-73.540662 40.489100
-73.540662 40.480110
-73.540662 40.471120
-73.540662 40.462130
-73.540662 40.453140
-73.540662 40.444150
-73.540662 40.435160
-73.540662 40.426170
-73.540662 40.417180
-73.540662 40.408190
-73.540662 40.399200
-73.540662 40.390210
-73.540662 40.381220
-73.540662 40.372230
-73.540662 40.363240
-73.540662 40.354250
-73.540662 40.345260
-73.540662 40.336270
-73.540662 40.327280
-73.540662 40.318290
-73.540662 40.309300
-73.540662 40.300310
-73.540662 40.291320
-73.540662 40.282330
-73.540662 40.273340
-73.540662 40.264350
-73.540662 40.255360
-73.540662 40.246370
-73.540662 40.237380
-73.540662 40.228390
-73.540662 40.219400
-73.540662 40.210410
-73.540662 40.201420
-73.530982 40.579000
-73.530982 40.570010
-73.530982 40.561020
-73.530982 40.552030
-73.530982 40.543040
-73.530982 40.534050
-73.530982 40.525060
-73.530982 40.516070
-73.530982 40.507080
-73.530982 40.498090
-73.530982 40.489100
-73.530982 40.480110
-73.530982 40.471120
-73.530982 40.462130
-73.530982 40.453140
-73.530982 40.444150
-73.530982 40.435160
-73.530982 40.426170
-73.530982 40.417180
-73.530982 40.408190
-73.530982 40.399200
-73.530982 40.390210
-73.530982 40.381220
-73.530982 40.372230
-73.530982 40.363240
-73.530982 40.354250
-73.530982 40.345260
-73.530982 40.336270
-73.530982 40.327280
-73.530982 40.318290
-73.530982 40.309300
-73.530982 40.300310
-73.530982 40.291320
-73.530982 40.282330
-73.530982 40.273340
-73.530982 40.264350
-73.530982 40.255360
-73.530982 40.246370
-73.530982 40.237380
-73.530982 40.228390
-73.530982 40.219400
-73.530982 40.210410
-73.530982 40.201420
-73.521303 40.579000
-73.521303 40.570010
-73.521303 40.561020
-73.521303 40.552030
-73.521303 40.543040
-73.521303 40.534050
-73.521303 40.525060
-73.521303 40.516070
-73.521303 40.507080
-73.521303 40.498090
-73.521303 40.489100
-73.521303 40.480110
-73.521303 40.471120
-73.521303 40.462130
-73.521303 40.453140
-73.521303 40.444150
-73.521303 40.435160
-73.521303 40.426170
-73.521303 40.417180
-73.521303 40.408190
-73.521303 40.399200
-73.521303 40.390210
-73.521303 40.381220
-73.521303 40.372230
-73.521303 40.363240
-73.521303 40.354250
-73.521303 40.345260
-73.521303 40.336270
-73.521303 40.327280
-73.521303 40.318290
-73.521303 40.309300
-73.521303 40.300310
-73.521303 40.291320
-73.521303 40.282330
-73.521303 40.273340
-73.521303 40.264350
-73.521303 40.255360
-73.521303 40.246370
-73.521303 40.237380
-73.521303 40.228390
-73.521303 40.219400
-73.521303 40.210410
-73.521303 40.201420
-73.511624 40.579000
-73.511624 40.570010
-73.511624 40.561020
-73.511624 40.552030
-73.511624 40.543040
-73.511624 40.534050
-73.511624 40.525060
-73.511624 40.516070
-73.511624 40.507080
-73.511624 40.498090
-73.511624 40.489100
-73.511624 40.480110
-73.511624 40.471120
-73.511624 40.462130
-73.511624 40.453140
-73.511624 40.444150
-73.511624 40.435160
-73.511624 40.426170
-73.511624 40.417180
-73.511624 40.408190
-73.511624 40.399200
-73.511624 40.390210
-73.511624 40.381220
-73.511624 40.372230
-73.511624 40.363240
-73.511624 40.354250
-73.511624 40.345260
-73.511624 40.336270
-73.511624 40.327280
-73.511624 40.318290
-73.511624 40.309300
-73.511624 40.300310
-73.511624 40.291320
-73.511624 40.282330
-73.511624 40.273340
-73.511624 40.264350
-73.511624 40.255360
-73.511624 40.246370
-73.511624 40.237380
-73.511624 40.228390
-73.511624 40.219400
-73.511624 40.210410
-73.511624 40.201420
-73.501945 40.587990
-73.501945 40.579000
-73.501945 40.570010
-73.501945 40.561020
-73.501945 40.552030
-73.501945 40.543040
-73.501945 40.534050
-73.501945 40.525060
-73.501945 40.516070
-73.501945 40.507080
-73.501945 40.498090
-73.501945 40.489100
-73.501945 40.480110
-73.501945 40.471120
-73.501945 40.462130
-73.501945 40.453140
-73.501945 40.444150
-73.501945 40.435160
-73.501945 40.426170
-73.501945 40.417180
-73.501945 40.408190
-73.501945 40.399200
-73.501945 40.390210
-73.501945 40.381220
-73.501945 40.372230
-73.501945 40.363240
-73.501945 40.354250
-73.501945 40.345260
-73.501945 40.336270
-73.501945 40.327280
-73.501945 40.318290
-73.501945 40.309300
-73.501945 40.300310
-73.501945 40.291320
-73.501945 40.282330
-73.501945 40.273340
-73.501945 40.264350
-73.501945 40.255360
-73.501945 40.246370
-73.501945 40.237380
-73.501945 40.228390
-73.501945 40.219400
-73.501945 40.210410
-73.501945 40.201420
