-68.233240 17.502660
-68.233240 17.520640
-68.233240 17.538620
-68.233240 17.556600
-68.233240 17.574580
-68.233240 17.592560
-68.233240 17.610540
-68.233240 17.628520
-68.233240 17.646500
-68.233240 17.664480
-68.233240 17.682460
-68.233240 17.700440
-68.233240 17.718420
-68.233240 17.736400
-68.233240 17.754380
-68.233240 17.772360
-68.233240 17.790340
-68.233240 17.808320
-68.233240 17.826300
-68.233240 17.844280
-68.233240 17.862260
-68.233240 17.880240
-68.233240 17.898220
-68.233240 17.916200
-68.233240 17.934180
-68.233240 17.952160
-68.233240 17.970140
-68.233240 17.988120
-68.233240 18.006100
-68.233240 18.024080
-68.233240 18.042060
-68.233240 18.060040
-68.233240 18.078020
-68.233240 18.096000
-68.233240 18.113980
-68.233240 18.131960
-68.233240 18.149940
-68.233240 18.167920
-68.233240 18.185900
-68.233240 18.203880
-68.233240 18.221860
-68.233240 18.239840
-68.233240 18.257820
-68.233240 18.275800
-68.233240 18.293780
-68.233240 18.311760
-68.233240 18.329740
-68.233240 18.347720
-68.233240 18.365700
-68.233240 18.383680
-68.233240 18.401660
-68.233240 18.419640
-68.233240 18.437620
-68.233240 18.455600
-68.233240 18.473580
-68.233240 18.491560
-68.233240 18.509540
-68.233240 18.527520
-68.233240 18.545500
-68.233240 18.563480
-68.233240 18.581460
-68.233240 18.599440
-68.233240 18.617420
-68.233240 18.635400
-68.233240 18.653380
-68.233240 18.671360
-68.233240 18.689340
-68.233240 18.707320
-68.233240 18.725300
-68.233240 18.743280
-68.233240 18.761260
-68.233240 18.779240
-68.233240 18.797220
-68.214660 17.502660
-68.214660 17.520640
-68.214660 17.538620
-68.214660 17.556600
-68.214660 17.574580
-68.214660 17.592560
-68.214660 17.610540
-68.214660 17.628520
-68.214660 17.646500
-68.214660 17.664480
-68.214660 17.682460
-68.214660 17.700440
-68.214660 17.718420
-68.214660 17.736400
-68.214660 17.754380
-68.214660 17.772360
-68.214660 17.790340
-68.214660 17.808320
-68.214660 17.826300
-68.214660 17.844280
-68.214660 17.862260
-68.214660 17.880240
-68.214660 17.898220
-68.214660 17.916200
-68.214660 17.934180
-68.214660 17.952160
-68.214660 17.970140
-68.214660 17.988120
-68.214660 18.006100
-68.214660 18.024080
-68.214660 18.042060
-68.214660 18.060040
-68.214660 18.078020
-68.214660 18.096000
-68.214660 18.113980
-68.214660 18.131960
-68.214660 18.149940
-68.214660 18.167920
-68.214660 18.185900
-68.214660 18.203880
-68.214660 18.221860
-68.214660 18.239840
-68.214660 18.257820
-68.214660 18.275800
-68.214660 18.293780
-68.214660 18.311760
-68.214660 18.329740
-68.214660 18.347720
-68.214660 18.365700
-68.214660 18.383680
-68.214660 18.401660
-68.214660 18.419640
-68.214660 18.437620
-68.214660 18.455600
-68.214660 18.473580
-68.214660 18.491560
-68.214660 18.509540
-68.214660 18.527520
-68.214660 18.545500
-68.214660 18.563480
-68.214660 18.581460
-68.214660 18.599440
-68.214660 18.617420
-68.214660 18.635400
-68.214660 18.653380
-68.214660 18.671360
-68.214660 18.689340
-68.214660 18.707320
-68.214660 18.725300
-68.214660 18.743280
-68.214660 18.761260
-68.214660 18.779240
-68.214660 18.797220
-68.196080 17.502660
-68.196080 17.520640
-68.196080 17.538620
-68.196080 17.556600
-68.196080 17.574580
-68.196080 17.592560
-68.196080 17.610540
-68.196080 17.628520
-68.196080 17.646500
-68.196080 17.664480
-68.196080 17.682460
-68.196080 17.700440
-68.196080 17.718420
-68.196080 17.736400
-68.196080 17.754380
-68.196080 17.772360
-68.196080 17.790340
-68.196080 17.808320
-68.196080 17.826300
-68.196080 17.844280
-68.196080 17.862260
-68.196080 17.880240
-68.196080 17.898220
-68.196080 17.916200
-68.196080 17.934180
-68.196080 17.952160
-68.196080 17.970140
-68.196080 17.988120
-68.196080 18.006100
-68.196080 18.024080
-68.196080 18.042060
-68.196080 18.060040
-68.196080 18.078020
-68.196080 18.096000
-68.196080 18.113980
-68.196080 18.131960
-68.196080 18.149940
-68.196080 18.167920
-68.196080 18.185900
-68.196080 18.203880
-68.196080 18.221860
-68.196080 18.239840
-68.196080 18.257820
-68.196080 18.275800
-68.196080 18.293780
-68.196080 18.311760
-68.196080 18.329740
-68.196080 18.347720
-68.196080 18.365700
-68.196080 18.383680
-68.196080 18.401660
-68.196080 18.419640
-68.196080 18.437620
-68.196080 18.455600
-68.196080 18.473580
-68.196080 18.491560
-68.196080 18.509540
-68.196080 18.527520
-68.196080 18.545500
-68.196080 18.563480
-68.196080 18.581460
-68.196080 18.599440
-68.196080 18.617420
-68.196080 18.635400
-68.196080 18.653380
-68.196080 18.671360
-68.196080 18.689340
-68.196080 18.707320
-68.196080 18.725300
-68.196080 18.743280
-68.196080 18.761260
-68.196080 18.779240
-68.196080 18.797220
-68.177500 17.502660
-68.177500 17.520640
-68.177500 17.538620
-68.177500 17.556600
-68.177500 17.574580
-68.177500 17.592560
-68.177500 17.610540
-68.177500 17.628520
-68.177500 17.646500
-68.177500 17.664480
-68.177500 17.682460
-68.177500 17.700440
-68.177500 17.718420
-68.177500 17.736400
-68.177500 17.754380
-68.177500 17.772360
-68.177500 17.790340
-68.177500 17.808320
-68.177500 17.826300
-68.177500 17.844280
-68.177500 17.862260
-68.177500 17.880240
-68.177500 17.898220
-68.177500 17.916200
-68.177500 17.934180
-68.177500 17.952160
-68.177500 17.970140
-68.177500 17.988120
-68.177500 18.006100
-68.177500 18.024080
-68.177500 18.042060
-68.177500 18.060040
-68.177500 18.078020
-68.177500 18.096000
-68.177500 18.113980
-68.177500 18.131960
-68.177500 18.149940
-68.177500 18.167920
-68.177500 18.185900
-68.177500 18.203880
-68.177500 18.221860
-68.177500 18.239840
-68.177500 18.257820
-68.177500 18.275800
-68.177500 18.293780
-68.177500 18.311760
-68.177500 18.329740
-68.177500 18.347720
-68.177500 18.365700
-68.177500 18.383680
-68.177500 18.401660
-68.177500 18.419640
-68.177500 18.437620
-68.177500 18.455600
-68.177500 18.473580
-68.177500 18.491560
-68.177500 18.509540
-68.177500 18.527520
-68.177500 18.545500
-68.177500 18.563480
-68.177500 18.581460
-68.177500 18.599440
-68.177500 18.617420
-68.177500 18.635400
-68.177500 18.653380
-68.177500 18.671360
-68.177500 18.689340
-68.177500 18.707320
-68.177500 18.725300
-68.177500 18.743280
-68.177500 18.761260
-68.177500 18.779240
-68.177500 18.797220
-68.158920 17.502660
-68.158920 17.520640
-68.158920 17.538620
-68.158920 17.556600
-68.158920 17.574580
-68.158920 17.592560
-68.158920 17.610540
-68.158920 17.628520
-68.158920 17.646500
-68.158920 17.664480
-68.158920 17.682460
-68.158920 17.700440
-68.158920 17.718420
-68.158920 17.736400
-68.158920 17.754380
-68.158920 17.772360
-68.158920 17.790340
-68.158920 17.808320
-68.158920 17.826300
-68.158920 17.844280
-68.158920 17.862260
-68.158920 17.880240
-68.158920 17.898220
-68.158920 17.916200
-68.158920 17.934180
-68.158920 17.952160
-68.158920 17.970140
-68.158920 17.988120
-68.158920 18.006100
-68.158920 18.024080
-68.158920 18.042060
-68.158920 18.060040
-68.158920 18.078020
-68.158920 18.096000
-68.158920 18.113980
-68.158920 18.131960
-68.158920 18.149940
-68.158920 18.167920
-68.158920 18.185900
-68.158920 18.203880
-68.158920 18.221860
-68.158920 18.239840
-68.158920 18.257820
-68.158920 18.275800
-68.158920 18.293780
-68.158920 18.311760
-68.158920 18.329740
-68.158920 18.347720
-68.158920 18.365700
-68.158920 18.383680
-68.158920 18.401660
-68.158920 18.419640
-68.158920 18.437620
-68.158920 18.455600
-68.158920 18.473580
-68.158920 18.491560
-68.158920 18.509540
-68.158920 18.527520
-68.158920 18.545500
-68.158920 18.563480
-68.158920 18.581460
-68.158920 18.599440
-68.158920 18.617420
-68.158920 18.635400
-68.158920 18.653380
-68.158920 18.671360
-68.158920 18.689340
-68.158920 18.707320
-68.158920 18.725300
-68.158920 18.743280
-68.158920 18.761260
-68.158920 18.779240
-68.158920 18.797220
-68.140340 17.502660
-68.140340 17.520640
-68.140340 17.538620
-68.140340 17.556600
-68.140340 17.574580
-68.140340 17.592560
-68.140340 17.610540
-68.140340 17.628520
-68.140340 17.646500
-68.140340 17.664480
-68.140340 17.682460
-68.140340 17.700440
-68.140340 17.718420
-68.140340 17.736400
-68.140340 17.754380
-68.140340 17.772360
-68.140340 17.790340
-68.140340 17.808320
-68.140340 17.826300
-68.140340 17.844280
-68.140340 17.862260
-68.140340 17.880240
-68.140340 17.898220
-68.140340 17.916200
-68.140340 17.934180
-68.140340 17.952160
-68.140340 17.970140
-68.140340 17.988120
-68.140340 18.006100
-68.140340 18.024080
-68.140340 18.042060
-68.140340 18.060040
-68.140340 18.078020
-68.140340 18.096000
-68.140340 18.113980
-68.140340 18.131960
-68.140340 18.149940
-68.140340 18.167920
-68.140340 18.185900
-68.140340 18.203880
-68.140340 18.221860
-68.140340 18.239840
-68.140340 18.257820
-68.140340 18.275800
-68.140340 18.293780
-68.140340 18.311760
-68.140340 18.329740
-68.140340 18.347720
-68.140340 18.365700
-68.140340 18.383680
-68.140340 18.401660
-68.140340 18.419640
-68.140340 18.437620
-68.140340 18.455600
-68.140340 18.473580
-68.140340 18.491560
-68.140340 18.509540
-68.140340 18.527520
-68.140340 18.545500
-68.140340 18.563480
-68.140340 18.581460
-68.140340 18.599440
-68.140340 18.617420
-68.140340 18.635400
-68.140340 18.653380
-68.140340 18.671360
-68.140340 18.689340
-68.140340 18.707320
-68.140340 18.725300
-68.140340 18.743280
-68.140340 18.761260
-68.140340 18.779240
-68.140340 18.797220
-68.121760 17.502660
-68.121760 17.520640
-68.121760 17.538620
-68.121760 17.556600
-68.121760 17.574580
-68.121760 17.592560
-68.121760 17.610540
-68.121760 17.628520
-68.121760 17.646500
-68.121760 17.664480
-68.121760 17.682460
-68.121760 17.700440
-68.121760 17.718420
-68.121760 17.736400
-68.121760 17.754380
-68.121760 17.772360
-68.121760 17.790340
-68.121760 17.808320
-68.121760 17.826300
-68.121760 17.844280
-68.121760 17.862260
-68.121760 17.880240
-68.121760 17.898220
-68.121760 17.916200
-68.121760 17.934180
-68.121760 17.952160
-68.121760 17.970140
-68.121760 17.988120
-68.121760 18.006100
-68.121760 18.024080
-68.121760 18.042060
-68.121760 18.060040
-68.121760 18.078020
-68.121760 18.096000
-68.121760 18.113980
-68.121760 18.131960
-68.121760 18.149940
-68.121760 18.167920
-68.121760 18.185900
-68.121760 18.203880
-68.121760 18.221860
-68.121760 18.239840
-68.121760 18.257820
-68.121760 18.275800
-68.121760 18.293780
-68.121760 18.311760
-68.121760 18.329740
-68.121760 18.347720
-68.121760 18.365700
-68.121760 18.383680
-68.121760 18.401660
-68.121760 18.419640
-68.121760 18.437620
-68.121760 18.455600
-68.121760 18.473580
-68.121760 18.491560
-68.121760 18.509540
-68.121760 18.527520
-68.121760 18.545500
-68.121760 18.563480
-68.121760 18.581460
-68.121760 18.599440
-68.121760 18.617420
-68.121760 18.635400
-68.121760 18.653380
-68.121760 18.671360
-68.121760 18.689340
-68.121760 18.707320
-68.121760 18.725300
-68.121760 18.743280
-68.121760 18.761260
-68.121760 18.779240
-68.121760 18.797220
-68.103180 17.502660
-68.103180 17.520640
-68.103180 17.538620
-68.103180 17.556600
-68.103180 17.574580
-68.103180 17.592560
-68.103180 17.610540
-68.103180 17.628520
-68.103180 17.646500
-68.103180 17.664480
-68.103180 17.682460
-68.103180 17.700440
-68.103180 17.718420
-68.103180 17.736400
-68.103180 17.754380
-68.103180 17.772360
-68.103180 17.790340
-68.103180 17.808320
-68.103180 17.826300
-68.103180 17.844280
-68.103180 17.862260
-68.103180 17.880240
-68.103180 17.898220
-68.103180 17.916200
-68.103180 17.934180
-68.103180 17.952160
-68.103180 17.970140
-68.103180 17.988120
-68.103180 18.006100
-68.103180 18.024080
-68.103180 18.042060
-68.103180 18.060040
-68.103180 18.078020
-68.103180 18.096000
-68.103180 18.113980
-68.103180 18.131960
-68.103180 18.149940
-68.103180 18.167920
-68.103180 18.185900
-68.103180 18.203880
-68.103180 18.221860
-68.103180 18.239840
-68.103180 18.257820
-68.103180 18.275800
-68.103180 18.293780
-68.103180 18.311760
-68.103180 18.329740
-68.103180 18.347720
-68.103180 18.365700
-68.103180 18.383680
-68.103180 18.401660
-68.103180 18.419640
-68.103180 18.437620
-68.103180 18.455600
-68.103180 18.473580
-68.103180 18.491560
-68.103180 18.509540
-68.103180 18.527520
-68.103180 18.545500
-68.103180 18.563480
-68.103180 18.581460
-68.103180 18.599440
-68.103180 18.617420
-68.103180 18.635400
-68.103180 18.653380
-68.103180 18.671360
-68.103180 18.689340
-68.103180 18.707320
-68.103180 18.725300
-68.103180 18.743280
-68.103180 18.761260
-68.103180 18.779240
-68.103180 18.797220
-68.084600 17.502660
-68.084600 17.520640
-68.084600 17.538620
-68.084600 17.556600
-68.084600 17.574580
-68.084600 17.592560
-68.084600 17.610540
-68.084600 17.628520
-68.084600 17.646500
-68.084600 17.664480
-68.084600 17.682460
-68.084600 17.700440
-68.084600 17.718420
-68.084600 17.736400
-68.084600 17.754380
-68.084600 17.772360
-68.084600 17.790340
-68.084600 17.808320
-68.084600 17.826300
-68.084600 17.844280
-68.084600 17.862260
-68.084600 17.880240
-68.084600 17.898220
-68.084600 17.916200
-68.084600 17.934180
-68.084600 17.952160
-68.084600 17.970140
-68.084600 17.988120
-68.084600 18.006100
-68.084600 18.024080
-68.084600 18.042060
-68.084600 18.060040
-68.084600 18.078020
-68.084600 18.096000
-68.084600 18.113980
-68.084600 18.131960
-68.084600 18.149940
-68.084600 18.167920
-68.084600 18.185900
-68.084600 18.203880
-68.084600 18.221860
-68.084600 18.239840
-68.084600 18.257820
-68.084600 18.275800
-68.084600 18.293780
-68.084600 18.311760
-68.084600 18.329740
-68.084600 18.347720
-68.084600 18.365700
-68.084600 18.383680
-68.084600 18.401660
-68.084600 18.419640
-68.084600 18.437620
-68.084600 18.455600
-68.084600 18.473580
-68.084600 18.491560
-68.084600 18.509540
-68.084600 18.527520
-68.084600 18.545500
-68.084600 18.563480
-68.084600 18.581460
-68.084600 18.599440
-68.084600 18.617420
-68.084600 18.635400
-68.084600 18.653380
-68.084600 18.671360
-68.084600 18.689340
-68.084600 18.707320
-68.084600 18.725300
-68.084600 18.743280
-68.084600 18.761260
-68.084600 18.779240
-68.084600 18.797220
-68.066020 17.502660
-68.066020 17.520640
-68.066020 17.538620
-68.066020 17.556600
-68.066020 17.574580
-68.066020 17.592560
-68.066020 17.610540
-68.066020 17.628520
-68.066020 17.646500
-68.066020 17.664480
-68.066020 17.682460
-68.066020 17.700440
-68.066020 17.718420
-68.066020 17.736400
-68.066020 17.754380
-68.066020 17.772360
-68.066020 17.790340
-68.066020 17.808320
-68.066020 17.826300
-68.066020 17.844280
-68.066020 17.862260
-68.066020 17.880240
-68.066020 17.898220
-68.066020 17.916200
-68.066020 17.934180
-68.066020 17.952160
-68.066020 17.970140
-68.066020 17.988120
-68.066020 18.006100
-68.066020 18.024080
-68.066020 18.042060
-68.066020 18.060040
-68.066020 18.078020
-68.066020 18.096000
-68.066020 18.113980
-68.066020 18.131960
-68.066020 18.149940
-68.066020 18.167920
-68.066020 18.185900
-68.066020 18.203880
-68.066020 18.221860
-68.066020 18.239840
-68.066020 18.257820
-68.066020 18.275800
-68.066020 18.293780
-68.066020 18.311760
-68.066020 18.329740
-68.066020 18.347720
-68.066020 18.365700
-68.066020 18.383680
-68.066020 18.401660
-68.066020 18.419640
-68.066020 18.437620
-68.066020 18.455600
-68.066020 18.473580
-68.066020 18.491560
-68.066020 18.509540
-68.066020 18.527520
-68.066020 18.545500
-68.066020 18.563480
-68.066020 18.581460
-68.066020 18.599440
-68.066020 18.617420
-68.066020 18.635400
-68.066020 18.653380
-68.066020 18.671360
-68.066020 18.689340
-68.066020 18.707320
-68.066020 18.725300
-68.066020 18.743280
-68.066020 18.761260
-68.066020 18.779240
-68.066020 18.797220
-68.047440 17.502660
-68.047440 17.520640
-68.047440 17.538620
-68.047440 17.556600
-68.047440 17.574580
-68.047440 17.592560
-68.047440 17.610540
-68.047440 17.628520
-68.047440 17.646500
-68.047440 17.664480
-68.047440 17.682460
-68.047440 17.700440
-68.047440 17.718420
-68.047440 17.736400
-68.047440 17.754380
-68.047440 17.772360
-68.047440 17.790340
-68.047440 17.808320
-68.047440 17.826300
-68.047440 17.844280
-68.047440 17.862260
-68.047440 17.880240
-68.047440 17.898220
-68.047440 17.916200
-68.047440 17.934180
-68.047440 17.952160
-68.047440 17.970140
-68.047440 17.988120
-68.047440 18.006100
-68.047440 18.024080
-68.047440 18.042060
-68.047440 18.060040
-68.047440 18.078020
-68.047440 18.096000
-68.047440 18.113980
-68.047440 18.131960
-68.047440 18.149940
-68.047440 18.167920
-68.047440 18.185900
-68.047440 18.203880
-68.047440 18.221860
-68.047440 18.239840
-68.047440 18.257820
-68.047440 18.275800
-68.047440 18.293780
-68.047440 18.311760
-68.047440 18.329740
-68.047440 18.347720
-68.047440 18.365700
-68.047440 18.383680
-68.047440 18.401660
-68.047440 18.419640
-68.047440 18.437620
-68.047440 18.455600
-68.047440 18.473580
-68.047440 18.491560
-68.047440 18.509540
-68.047440 18.527520
-68.047440 18.545500
-68.047440 18.563480
-68.047440 18.581460
-68.047440 18.599440
-68.047440 18.617420
-68.047440 18.635400
-68.047440 18.653380
-68.047440 18.671360
-68.047440 18.689340
-68.047440 18.707320
-68.047440 18.725300
-68.047440 18.743280
-68.047440 18.761260
-68.047440 18.779240
-68.047440 18.797220
-68.028860 17.502660
-68.028860 17.520640
-68.028860 17.538620
-68.028860 17.556600
-68.028860 17.574580
-68.028860 17.592560
-68.028860 17.610540
-68.028860 17.628520
-68.028860 17.646500
-68.028860 17.664480
-68.028860 17.682460
-68.028860 17.700440
-68.028860 17.718420
-68.028860 17.736400
-68.028860 17.754380
-68.028860 17.772360
-68.028860 17.790340
-68.028860 17.808320
-68.028860 17.826300
-68.028860 17.844280
-68.028860 17.862260
-68.028860 17.880240
-68.028860 17.898220
-68.028860 17.916200
-68.028860 17.934180
-68.028860 17.952160
-68.028860 17.970140
-68.028860 17.988120
-68.028860 18.006100
-68.028860 18.024080
-68.028860 18.042060
-68.028860 18.060040
-68.028860 18.078020
-68.028860 18.096000
-68.028860 18.113980
-68.028860 18.131960
-68.028860 18.149940
-68.028860 18.167920
-68.028860 18.185900
-68.028860 18.203880
-68.028860 18.221860
-68.028860 18.239840
-68.028860 18.257820
-68.028860 18.275800
-68.028860 18.293780
-68.028860 18.311760
-68.028860 18.329740
-68.028860 18.347720
-68.028860 18.365700
-68.028860 18.383680
-68.028860 18.401660
-68.028860 18.419640
-68.028860 18.437620
-68.028860 18.455600
-68.028860 18.473580
-68.028860 18.491560
-68.028860 18.509540
-68.028860 18.527520
-68.028860 18.545500
-68.028860 18.563480
-68.028860 18.581460
-68.028860 18.599440
-68.028860 18.617420
-68.028860 18.635400
-68.028860 18.653380
-68.028860 18.671360
-68.028860 18.689340
-68.028860 18.707320
-68.028860 18.725300
-68.028860 18.743280
-68.028860 18.761260
-68.028860 18.779240
-68.028860 18.797220
-68.010280 17.502660
-68.010280 17.520640
-68.010280 17.538620
-68.010280 17.556600
-68.010280 17.574580
-68.010280 17.592560
-68.010280 17.610540
-68.010280 17.628520
-68.010280 17.646500
-68.010280 17.664480
-68.010280 17.682460
-68.010280 17.700440
-68.010280 17.718420
-68.010280 17.736400
-68.010280 17.754380
-68.010280 17.772360
-68.010280 17.790340
-68.010280 17.808320
-68.010280 17.826300
-68.010280 17.844280
-68.010280 17.862260
-68.010280 17.880240
-68.010280 17.898220
-68.010280 17.916200
-68.010280 17.934180
-68.010280 17.952160
-68.010280 17.970140
-68.010280 17.988120
-68.010280 18.006100
-68.010280 18.024080
-68.010280 18.042060
-68.010280 18.060040
-68.010280 18.078020
-68.010280 18.096000
-68.010280 18.113980
-68.010280 18.131960
-68.010280 18.149940
-68.010280 18.167920
-68.010280 18.185900
-68.010280 18.203880
-68.010280 18.221860
-68.010280 18.239840
-68.010280 18.257820
-68.010280 18.275800
-68.010280 18.293780
-68.010280 18.311760
-68.010280 18.329740
-68.010280 18.347720
-68.010280 18.365700
-68.010280 18.383680
-68.010280 18.401660
-68.010280 18.419640
-68.010280 18.437620
-68.010280 18.455600
-68.010280 18.473580
-68.010280 18.491560
-68.010280 18.509540
-68.010280 18.527520
-68.010280 18.545500
-68.010280 18.563480
-68.010280 18.581460
-68.010280 18.599440
-68.010280 18.617420
-68.010280 18.635400
-68.010280 18.653380
-68.010280 18.671360
-68.010280 18.689340
-68.010280 18.707320
-68.010280 18.725300
-68.010280 18.743280
-68.010280 18.761260
-68.010280 18.779240
-68.010280 18.797220
-67.991700 17.502660
-67.991700 17.520640
-67.991700 17.538620
-67.991700 17.556600
-67.991700 17.574580
-67.991700 17.592560
-67.991700 17.610540
-67.991700 17.628520
-67.991700 17.646500
-67.991700 17.664480
-67.991700 17.682460
-67.991700 17.700440
-67.991700 17.718420
-67.991700 17.736400
-67.991700 17.754380
-67.991700 17.772360
-67.991700 17.790340
-67.991700 17.808320
-67.991700 17.826300
-67.991700 17.844280
-67.991700 17.862260
-67.991700 17.880240
-67.991700 17.898220
-67.991700 17.916200
-67.991700 17.934180
-67.991700 17.952160
-67.991700 17.970140
-67.991700 17.988120
-67.991700 18.006100
-67.991700 18.024080
-67.991700 18.042060
-67.991700 18.060040
-67.991700 18.078020
-67.991700 18.096000
-67.991700 18.113980
-67.991700 18.131960
-67.991700 18.149940
-67.991700 18.167920
-67.991700 18.185900
-67.991700 18.203880
-67.991700 18.221860
-67.991700 18.239840
-67.991700 18.257820
-67.991700 18.275800
-67.991700 18.293780
-67.991700 18.311760
-67.991700 18.329740
-67.991700 18.347720
-67.991700 18.365700
-67.991700 18.383680
-67.991700 18.401660
-67.991700 18.419640
-67.991700 18.437620
-67.991700 18.455600
-67.991700 18.473580
-67.991700 18.491560
-67.991700 18.509540
-67.991700 18.527520
-67.991700 18.545500
-67.991700 18.563480
-67.991700 18.581460
-67.991700 18.599440
-67.991700 18.617420
-67.991700 18.635400
-67.991700 18.653380
-67.991700 18.671360
-67.991700 18.689340
-67.991700 18.707320
-67.991700 18.725300
-67.991700 18.743280
-67.991700 18.761260
-67.991700 18.779240
-67.991700 18.797220
-67.973120 17.502660
-67.973120 17.520640
-67.973120 17.538620
-67.973120 17.556600
-67.973120 17.574580
-67.973120 17.592560
-67.973120 17.610540
-67.973120 17.628520
-67.973120 17.646500
-67.973120 17.664480
-67.973120 17.682460
-67.973120 17.700440
-67.973120 17.718420
-67.973120 17.736400
-67.973120 17.754380
-67.973120 17.772360
-67.973120 17.790340
-67.973120 17.808320
-67.973120 17.826300
-67.973120 17.844280
-67.973120 17.862260
-67.973120 17.880240
-67.973120 17.898220
-67.973120 17.916200
-67.973120 17.934180
-67.973120 17.952160
-67.973120 17.970140
-67.973120 17.988120
-67.973120 18.006100
-67.973120 18.024080
-67.973120 18.042060
-67.973120 18.060040
-67.973120 18.078020
-67.973120 18.096000
-67.973120 18.113980
-67.973120 18.131960
-67.973120 18.149940
-67.973120 18.167920
-67.973120 18.185900
-67.973120 18.203880
-67.973120 18.221860
-67.973120 18.239840
-67.973120 18.257820
-67.973120 18.275800
-67.973120 18.293780
-67.973120 18.311760
-67.973120 18.329740
-67.973120 18.347720
-67.973120 18.365700
-67.973120 18.383680
-67.973120 18.401660
-67.973120 18.419640
-67.973120 18.437620
-67.973120 18.455600
-67.973120 18.473580
-67.973120 18.491560
-67.973120 18.509540
-67.973120 18.527520
-67.973120 18.545500
-67.973120 18.563480
-67.973120 18.581460
-67.973120 18.599440
-67.973120 18.617420
-67.973120 18.635400
-67.973120 18.653380
-67.973120 18.671360
-67.973120 18.689340
-67.973120 18.707320
-67.973120 18.725300
-67.973120 18.743280
-67.973120 18.761260
-67.973120 18.779240
-67.973120 18.797220
-67.954540 17.502660
-67.954540 17.520640
-67.954540 17.538620
-67.954540 17.556600
-67.954540 17.574580
-67.954540 17.592560
-67.954540 17.610540
-67.954540 17.628520
-67.954540 17.646500
-67.954540 17.664480
-67.954540 17.682460
-67.954540 17.700440
-67.954540 17.718420
-67.954540 17.736400
-67.954540 17.754380
-67.954540 17.772360
-67.954540 17.790340
-67.954540 17.808320
-67.954540 17.826300
-67.954540 17.844280
-67.954540 17.862260
-67.954540 17.880240
-67.954540 17.898220
-67.954540 17.916200
-67.954540 17.934180
-67.954540 17.952160
-67.954540 17.970140
-67.954540 17.988120
-67.954540 18.006100
-67.954540 18.024080
-67.954540 18.042060
-67.954540 18.060040
-67.954540 18.078020
-67.954540 18.096000
-67.954540 18.113980
-67.954540 18.131960
-67.954540 18.167920
-67.954540 18.185900
-67.954540 18.203880
-67.954540 18.221860
-67.954540 18.239840
-67.954540 18.257820
-67.954540 18.275800
-67.954540 18.293780
-67.954540 18.311760
-67.954540 18.329740
-67.954540 18.347720
-67.954540 18.365700
-67.954540 18.383680
-67.954540 18.401660
-67.954540 18.419640
-67.954540 18.437620
-67.954540 18.455600
-67.954540 18.473580
-67.954540 18.491560
-67.954540 18.509540
-67.954540 18.527520
-67.954540 18.545500
-67.954540 18.563480
-67.954540 18.581460
-67.954540 18.599440
-67.954540 18.617420
-67.954540 18.635400
-67.954540 18.653380
-67.954540 18.671360
-67.954540 18.689340
-67.954540 18.707320
-67.954540 18.725300
-67.954540 18.743280
-67.954540 18.761260
-67.954540 18.779240
-67.954540 18.797220
-67.935960 17.502660
-67.935960 17.520640
-67.935960 17.538620
-67.935960 17.556600
-67.935960 17.574580
-67.935960 17.592560
-67.935960 17.610540
-67.935960 17.628520
-67.935960 17.646500
-67.935960 17.664480
-67.935960 17.682460
-67.935960 17.700440
-67.935960 17.718420
-67.935960 17.736400
-67.935960 17.754380
-67.935960 17.772360
-67.935960 17.790340
-67.935960 17.808320
-67.935960 17.826300
-67.935960 17.844280
-67.935960 17.862260
-67.935960 17.880240
-67.935960 17.898220
-67.935960 17.916200
-67.935960 17.934180
-67.935960 17.952160
-67.935960 17.970140
-67.935960 17.988120
-67.935960 18.006100
-67.935960 18.024080
-67.935960 18.042060
-67.935960 18.060040
-67.935960 18.131960
-67.935960 18.149940
-67.935960 18.167920
-67.935960 18.185900
-67.935960 18.203880
-67.935960 18.221860
-67.935960 18.239840
-67.935960 18.257820
-67.935960 18.275800
-67.935960 18.293780
-67.935960 18.311760
-67.935960 18.329740
-67.935960 18.347720
-67.935960 18.365700
-67.935960 18.383680
-67.935960 18.401660
-67.935960 18.419640
-67.935960 18.437620
-67.935960 18.455600
-67.935960 18.473580
-67.935960 18.491560
-67.935960 18.509540
-67.935960 18.527520
-67.935960 18.545500
-67.935960 18.563480
-67.935960 18.581460
-67.935960 18.599440
-67.935960 18.617420
-67.935960 18.635400
-67.935960 18.653380
-67.935960 18.671360
-67.935960 18.689340
-67.935960 18.707320
-67.935960 18.725300
-67.935960 18.743280
-67.935960 18.761260
-67.935960 18.779240
-67.935960 18.797220
-67.917380 17.502660
-67.917380 17.520640
-67.917380 17.538620
-67.917380 17.556600
-67.917380 17.574580
-67.917380 17.592560
-67.917380 17.610540
-67.917380 17.628520
-67.917380 17.646500
-67.917380 17.664480
-67.917380 17.682460
-67.917380 17.700440
-67.917380 17.718420
-67.917380 17.736400
-67.917380 17.754380
-67.917380 17.772360
-67.917380 17.790340
-67.917380 17.808320
-67.917380 17.826300
-67.917380 17.844280
-67.917380 17.862260
-67.917380 17.880240
-67.917380 17.898220
-67.917380 17.916200
-67.917380 17.934180
-67.917380 17.952160
-67.917380 17.970140
-67.917380 17.988120
-67.917380 18.006100
-67.917380 18.024080
-67.917380 18.042060
-67.917380 18.131960
-67.917380 18.149940
-67.917380 18.167920
-67.917380 18.185900
-67.917380 18.203880
-67.917380 18.221860
-67.917380 18.239840
-67.917380 18.257820
-67.917380 18.275800
-67.917380 18.293780
-67.917380 18.311760
-67.917380 18.329740
-67.917380 18.347720
-67.917380 18.365700
-67.917380 18.383680
-67.917380 18.401660
-67.917380 18.419640
-67.917380 18.437620
-67.917380 18.455600
-67.917380 18.473580
-67.917380 18.491560
-67.917380 18.509540
-67.917380 18.527520
-67.917380 18.545500
-67.917380 18.563480
-67.917380 18.581460
-67.917380 18.599440
-67.917380 18.617420
-67.917380 18.635400
-67.917380 18.653380
-67.917380 18.671360
-67.917380 18.689340
-67.917380 18.707320
-67.917380 18.725300
-67.917380 18.743280
-67.917380 18.761260
-67.917380 18.779240
-67.917380 18.797220
-67.898800 17.502660
-67.898800 17.520640
-67.898800 17.538620
-67.898800 17.556600
-67.898800 17.574580
-67.898800 17.592560
-67.898800 17.610540
-67.898800 17.628520
-67.898800 17.646500
-67.898800 17.664480
-67.898800 17.682460
-67.898800 17.700440
-67.898800 17.718420
-67.898800 17.736400
-67.898800 17.754380
-67.898800 17.772360
-67.898800 17.790340
-67.898800 17.808320
-67.898800 17.826300
-67.898800 17.844280
-67.898800 17.862260
-67.898800 17.880240
-67.898800 17.898220
-67.898800 17.916200
-67.898800 17.934180
-67.898800 17.952160
-67.898800 17.970140
-67.898800 17.988120
-67.898800 18.006100
-67.898800 18.024080
-67.898800 18.042060
-67.898800 18.131960
-67.898800 18.149940
-67.898800 18.167920
-67.898800 18.185900
-67.898800 18.203880
-67.898800 18.221860
-67.898800 18.239840
-67.898800 18.257820
-67.898800 18.275800
-67.898800 18.293780
-67.898800 18.311760
-67.898800 18.329740
-67.898800 18.347720
-67.898800 18.365700
-67.898800 18.383680
-67.898800 18.401660
-67.898800 18.419640
-67.898800 18.437620
-67.898800 18.455600
-67.898800 18.473580
-67.898800 18.491560
-67.898800 18.509540
-67.898800 18.527520
-67.898800 18.545500
-67.898800 18.563480
-67.898800 18.581460
-67.898800 18.599440
-67.898800 18.617420
-67.898800 18.635400
-67.898800 18.653380
-67.898800 18.671360
-67.898800 18.689340
-67.898800 18.707320
-67.898800 18.725300
-67.898800 18.743280
-67.898800 18.761260
-67.898800 18.779240
-67.898800 18.797220
-67.880220 17.502660
-67.880220 17.520640
-67.880220 17.538620
-67.880220 17.556600
-67.880220 17.574580
-67.880220 17.592560
-67.880220 17.610540
-67.880220 17.628520
-67.880220 17.646500
-67.880220 17.664480
-67.880220 17.682460
-67.880220 17.700440
-67.880220 17.718420
-67.880220 17.736400
-67.880220 17.754380
-67.880220 17.772360
-67.880220 17.790340
-67.880220 17.808320
-67.880220 17.826300
-67.880220 17.844280
-67.880220 17.862260
-67.880220 17.880240
-67.880220 17.898220
-67.880220 17.916200
-67.880220 17.934180
-67.880220 17.952160
-67.880220 17.970140
-67.880220 17.988120
-67.880220 18.006100
-67.880220 18.024080
-67.880220 18.042060
-67.880220 18.131960
-67.880220 18.149940
-67.880220 18.167920
-67.880220 18.185900
-67.880220 18.203880
-67.880220 18.221860
-67.880220 18.239840
-67.880220 18.257820
-67.880220 18.275800
-67.880220 18.293780
-67.880220 18.311760
-67.880220 18.329740
-67.880220 18.347720
-67.880220 18.365700
-67.880220 18.383680
-67.880220 18.401660
-67.880220 18.419640
-67.880220 18.437620
-67.880220 18.455600
-67.880220 18.473580
-67.880220 18.491560
-67.880220 18.509540
-67.880220 18.527520
-67.880220 18.545500
-67.880220 18.563480
-67.880220 18.581460
-67.880220 18.599440
-67.880220 18.617420
-67.880220 18.635400
-67.880220 18.653380
-67.880220 18.671360
-67.880220 18.689340
-67.880220 18.707320
-67.880220 18.725300
-67.880220 18.743280
-67.880220 18.761260
-67.880220 18.779240
-67.880220 18.797220
-67.861640 17.502660
-67.861640 17.520640
-67.861640 17.538620
-67.861640 17.556600
-67.861640 17.574580
-67.861640 17.592560
-67.861640 17.610540
-67.861640 17.628520
-67.861640 17.646500
-67.861640 17.664480
-67.861640 17.682460
-67.861640 17.700440
-67.861640 17.718420
-67.861640 17.736400
-67.861640 17.754380
-67.861640 17.772360
-67.861640 17.790340
-67.861640 17.808320
-67.861640 17.826300
-67.861640 17.844280
-67.861640 17.862260
-67.861640 17.880240
-67.861640 17.898220
-67.861640 17.916200
-67.861640 17.934180
-67.861640 17.952160
-67.861640 17.970140
-67.861640 17.988120
-67.861640 18.006100
-67.861640 18.024080
-67.861640 18.042060
-67.861640 18.060040
-67.861640 18.131960
-67.861640 18.149940
-67.861640 18.167920
-67.861640 18.185900
-67.861640 18.203880
-67.861640 18.221860
-67.861640 18.239840
-67.861640 18.257820
-67.861640 18.275800
-67.861640 18.293780
-67.861640 18.311760
-67.861640 18.329740
-67.861640 18.347720
-67.861640 18.365700
-67.861640 18.383680
-67.861640 18.401660
-67.861640 18.419640
-67.861640 18.437620
-67.861640 18.455600
-67.861640 18.473580
-67.861640 18.491560
-67.861640 18.509540
-67.861640 18.527520
-67.861640 18.545500
-67.861640 18.563480
-67.861640 18.581460
-67.861640 18.599440
-67.861640 18.617420
-67.861640 18.635400
-67.861640 18.653380
-67.861640 18.671360
-67.861640 18.689340
-67.861640 18.707320
-67.861640 18.725300
-67.861640 18.743280
-67.861640 18.761260
-67.861640 18.779240
-67.861640 18.797220
-67.843060 17.502660
-67.843060 17.520640
-67.843060 17.538620
-67.843060 17.556600
-67.843060 17.574580
-67.843060 17.592560
-67.843060 17.610540
-67.843060 17.628520
-67.843060 17.646500
-67.843060 17.664480
-67.843060 17.682460
-67.843060 17.700440
-67.843060 17.718420
-67.843060 17.736400
-67.843060 17.754380
-67.843060 17.772360
-67.843060 17.790340
-67.843060 17.808320
-67.843060 17.826300
-67.843060 17.844280
-67.843060 17.862260
-67.843060 17.880240
-67.843060 17.898220
-67.843060 17.916200
-67.843060 17.934180
-67.843060 17.952160
-67.843060 17.970140
-67.843060 17.988120
-67.843060 18.006100
-67.843060 18.024080
-67.843060 18.042060
-67.843060 18.060040
-67.843060 18.078020
-67.843060 18.113980
-67.843060 18.131960
-67.843060 18.149940
-67.843060 18.167920
-67.843060 18.185900
-67.843060 18.203880
-67.843060 18.221860
-67.843060 18.239840
-67.843060 18.257820
-67.843060 18.275800
-67.843060 18.293780
-67.843060 18.311760
-67.843060 18.329740
-67.843060 18.347720
-67.843060 18.365700
-67.843060 18.383680
-67.843060 18.401660
-67.843060 18.419640
-67.843060 18.437620
-67.843060 18.455600
-67.843060 18.473580
-67.843060 18.491560
-67.843060 18.509540
-67.843060 18.527520
-67.843060 18.545500
-67.843060 18.563480
-67.843060 18.581460
-67.843060 18.599440
-67.843060 18.617420
-67.843060 18.635400
-67.843060 18.653380
-67.843060 18.671360
-67.843060 18.689340
-67.843060 18.707320
-67.843060 18.725300
-67.843060 18.743280
-67.843060 18.761260
-67.843060 18.779240
-67.843060 18.797220
-67.824480 17.502660
-67.824480 17.520640
-67.824480 17.538620
-67.824480 17.556600
-67.824480 17.574580
-67.824480 17.592560
-67.824480 17.610540
-67.824480 17.628520
-67.824480 17.646500
-67.824480 17.664480
-67.824480 17.682460
-67.824480 17.700440
-67.824480 17.718420
-67.824480 17.736400
-67.824480 17.754380
-67.824480 17.772360
-67.824480 17.790340
-67.824480 17.808320
-67.824480 17.826300
-67.824480 17.844280
-67.824480 17.862260
-67.824480 17.880240
-67.824480 17.898220
-67.824480 17.916200
-67.824480 17.934180
-67.824480 17.952160
-67.824480 17.970140
-67.824480 17.988120
-67.824480 18.006100
-67.824480 18.024080
-67.824480 18.042060
-67.824480 18.060040
-67.824480 18.078020
-67.824480 18.096000
-67.824480 18.113980
-67.824480 18.131960
-67.824480 18.149940
-67.824480 18.167920
-67.824480 18.185900
-67.824480 18.203880
-67.824480 18.221860
-67.824480 18.239840
-67.824480 18.257820
-67.824480 18.275800
-67.824480 18.293780
-67.824480 18.311760
-67.824480 18.329740
-67.824480 18.347720
-67.824480 18.365700
-67.824480 18.383680
-67.824480 18.401660
-67.824480 18.419640
-67.824480 18.437620
-67.824480 18.455600
-67.824480 18.473580
-67.824480 18.491560
-67.824480 18.509540
-67.824480 18.527520
-67.824480 18.545500
-67.824480 18.563480
-67.824480 18.581460
-67.824480 18.599440
-67.824480 18.617420
-67.824480 18.635400
-67.824480 18.653380
-67.824480 18.671360
-67.824480 18.689340
-67.824480 18.707320
-67.824480 18.725300
-67.824480 18.743280
-67.824480 18.761260
-67.824480 18.779240
-67.824480 18.797220
-67.805900 17.502660
-67.805900 17.520640
-67.805900 17.538620
-67.805900 17.556600
-67.805900 17.574580
-67.805900 17.592560
-67.805900 17.610540
-67.805900 17.628520
-67.805900 17.646500
-67.805900 17.664480
-67.805900 17.682460
-67.805900 17.700440
-67.805900 17.718420
-67.805900 17.736400
-67.805900 17.754380
-67.805900 17.772360
-67.805900 17.790340
-67.805900 17.808320
-67.805900 17.826300
-67.805900 17.844280
-67.805900 17.862260
-67.805900 17.880240
-67.805900 17.898220
-67.805900 17.916200
-67.805900 17.934180
-67.805900 17.952160
-67.805900 17.970140
-67.805900 17.988120
-67.805900 18.006100
-67.805900 18.024080
-67.805900 18.042060
-67.805900 18.060040
-67.805900 18.078020
-67.805900 18.096000
-67.805900 18.113980
-67.805900 18.131960
-67.805900 18.149940
-67.805900 18.167920
-67.805900 18.185900
-67.805900 18.203880
-67.805900 18.221860
-67.805900 18.239840
-67.805900 18.257820
-67.805900 18.275800
-67.805900 18.293780
-67.805900 18.311760
-67.805900 18.329740
-67.805900 18.347720
-67.805900 18.365700
-67.805900 18.383680
-67.805900 18.401660
-67.805900 18.419640
-67.805900 18.437620
-67.805900 18.455600
-67.805900 18.473580
-67.805900 18.491560
-67.805900 18.509540
-67.805900 18.527520
-67.805900 18.545500
-67.805900 18.563480
-67.805900 18.581460
-67.805900 18.599440
-67.805900 18.617420
-67.805900 18.635400
-67.805900 18.653380
-67.805900 18.671360
-67.805900 18.689340
-67.805900 18.707320
-67.805900 18.725300
-67.805900 18.743280
-67.805900 18.761260
-67.805900 18.779240
-67.805900 18.797220
-67.787320 17.502660
-67.787320 17.520640
-67.787320 17.538620
-67.787320 17.556600
-67.787320 17.574580
-67.787320 17.592560
-67.787320 17.610540
-67.787320 17.628520
-67.787320 17.646500
-67.787320 17.664480
-67.787320 17.682460
-67.787320 17.700440
-67.787320 17.718420
-67.787320 17.736400
-67.787320 17.754380
-67.787320 17.772360
-67.787320 17.790340
-67.787320 17.808320
-67.787320 17.826300
-67.787320 17.844280
-67.787320 17.862260
-67.787320 17.880240
-67.787320 17.898220
-67.787320 17.916200
-67.787320 17.934180
-67.787320 17.952160
-67.787320 17.970140
-67.787320 17.988120
-67.787320 18.006100
-67.787320 18.024080
-67.787320 18.042060
-67.787320 18.060040
-67.787320 18.078020
-67.787320 18.096000
-67.787320 18.113980
-67.787320 18.131960
-67.787320 18.149940
-67.787320 18.167920
-67.787320 18.185900
-67.787320 18.203880
-67.787320 18.221860
-67.787320 18.239840
-67.787320 18.257820
-67.787320 18.275800
-67.787320 18.293780
-67.787320 18.311760
-67.787320 18.329740
-67.787320 18.347720
-67.787320 18.365700
-67.787320 18.383680
-67.787320 18.401660
-67.787320 18.419640
-67.787320 18.437620
-67.787320 18.455600
-67.787320 18.473580
-67.787320 18.491560
-67.787320 18.509540
-67.787320 18.527520
-67.787320 18.545500
-67.787320 18.563480
-67.787320 18.581460
-67.787320 18.599440
-67.787320 18.617420
-67.787320 18.635400
-67.787320 18.653380
-67.787320 18.671360
-67.787320 18.689340
-67.787320 18.707320
-67.787320 18.725300
-67.787320 18.743280
-67.787320 18.761260
-67.787320 18.779240
-67.787320 18.797220
-67.768740 17.502660
-67.768740 17.520640
-67.768740 17.538620
-67.768740 17.556600
-67.768740 17.574580
-67.768740 17.592560
-67.768740 17.610540
-67.768740 17.628520
-67.768740 17.646500
-67.768740 17.664480
-67.768740 17.682460
-67.768740 17.700440
-67.768740 17.718420
-67.768740 17.736400
-67.768740 17.754380
-67.768740 17.772360
-67.768740 17.790340
-67.768740 17.808320
-67.768740 17.826300
-67.768740 17.844280
-67.768740 17.862260
-67.768740 17.880240
-67.768740 17.898220
-67.768740 17.916200
-67.768740 17.934180
-67.768740 17.952160
-67.768740 17.970140
-67.768740 17.988120
-67.768740 18.006100
-67.768740 18.024080
-67.768740 18.042060
-67.768740 18.060040
-67.768740 18.078020
-67.768740 18.096000
-67.768740 18.113980
-67.768740 18.131960
-67.768740 18.149940
-67.768740 18.167920
-67.768740 18.185900
-67.768740 18.203880
-67.768740 18.221860
-67.768740 18.239840
-67.768740 18.257820
-67.768740 18.275800
-67.768740 18.293780
-67.768740 18.311760
-67.768740 18.329740
-67.768740 18.347720
-67.768740 18.365700
-67.768740 18.383680
-67.768740 18.401660
-67.768740 18.419640
-67.768740 18.437620
-67.768740 18.455600
-67.768740 18.473580
-67.768740 18.491560
-67.768740 18.509540
-67.768740 18.527520
-67.768740 18.545500
-67.768740 18.563480
-67.768740 18.581460
-67.768740 18.599440
-67.768740 18.617420
-67.768740 18.635400
-67.768740 18.653380
-67.768740 18.671360
-67.768740 18.689340
-67.768740 18.707320
-67.768740 18.725300
-67.768740 18.743280
-67.768740 18.761260
-67.768740 18.779240
-67.768740 18.797220
-67.750160 17.502660
-67.750160 17.520640
-67.750160 17.538620
-67.750160 17.556600
-67.750160 17.574580
-67.750160 17.592560
-67.750160 17.610540
-67.750160 17.628520
-67.750160 17.646500
-67.750160 17.664480
-67.750160 17.682460
-67.750160 17.700440
-67.750160 17.718420
-67.750160 17.736400
-67.750160 17.754380
-67.750160 17.772360
-67.750160 17.790340
-67.750160 17.808320
-67.750160 17.826300
-67.750160 17.844280
-67.750160 17.862260
-67.750160 17.880240
-67.750160 17.898220
-67.750160 17.916200
-67.750160 17.934180
-67.750160 17.952160
-67.750160 17.970140
-67.750160 17.988120
-67.750160 18.006100
-67.750160 18.024080
-67.750160 18.042060
-67.750160 18.060040
-67.750160 18.078020
-67.750160 18.096000
-67.750160 18.113980
-67.750160 18.131960
-67.750160 18.149940
-67.750160 18.167920
-67.750160 18.185900
-67.750160 18.203880
-67.750160 18.221860
-67.750160 18.239840
-67.750160 18.257820
-67.750160 18.275800
-67.750160 18.293780
-67.750160 18.311760
-67.750160 18.329740
-67.750160 18.347720
-67.750160 18.365700
-67.750160 18.383680
-67.750160 18.401660
-67.750160 18.419640
-67.750160 18.437620
-67.750160 18.455600
-67.750160 18.473580
-67.750160 18.491560
-67.750160 18.509540
-67.750160 18.527520
-67.750160 18.545500
-67.750160 18.563480
-67.750160 18.581460
-67.750160 18.599440
-67.750160 18.617420
-67.750160 18.635400
-67.750160 18.653380
-67.750160 18.671360
-67.750160 18.689340
-67.750160 18.707320
-67.750160 18.725300
-67.750160 18.743280
-67.750160 18.761260
-67.750160 18.779240
-67.750160 18.797220
-67.731580 17.502660
-67.731580 17.520640
-67.731580 17.538620
-67.731580 17.556600
-67.731580 17.574580
-67.731580 17.592560
-67.731580 17.610540
-67.731580 17.628520
-67.731580 17.646500
-67.731580 17.664480
-67.731580 17.682460
-67.731580 17.700440
-67.731580 17.718420
-67.731580 17.736400
-67.731580 17.754380
-67.731580 17.772360
-67.731580 17.790340
-67.731580 17.808320
-67.731580 17.826300
-67.731580 17.844280
-67.731580 17.862260
-67.731580 17.880240
-67.731580 17.898220
-67.731580 17.916200
-67.731580 17.934180
-67.731580 17.952160
-67.731580 17.970140
-67.731580 17.988120
-67.731580 18.006100
-67.731580 18.024080
-67.731580 18.042060
-67.731580 18.060040
-67.731580 18.078020
-67.731580 18.096000
-67.731580 18.113980
-67.731580 18.131960
-67.731580 18.149940
-67.731580 18.167920
-67.731580 18.185900
-67.731580 18.203880
-67.731580 18.221860
-67.731580 18.239840
-67.731580 18.257820
-67.731580 18.275800
-67.731580 18.293780
-67.731580 18.311760
-67.731580 18.329740
-67.731580 18.347720
-67.731580 18.365700
-67.731580 18.383680
-67.731580 18.401660
-67.731580 18.419640
-67.731580 18.437620
-67.731580 18.455600
-67.731580 18.473580
-67.731580 18.491560
-67.731580 18.509540
-67.731580 18.527520
-67.731580 18.545500
-67.731580 18.563480
-67.731580 18.581460
-67.731580 18.599440
-67.731580 18.617420
-67.731580 18.635400
-67.731580 18.653380
-67.731580 18.671360
-67.731580 18.689340
-67.731580 18.707320
-67.731580 18.725300
-67.731580 18.743280
-67.731580 18.761260
-67.731580 18.779240
-67.731580 18.797220
-67.713000 17.502660
-67.713000 17.520640
-67.713000 17.538620
-67.713000 17.556600
-67.713000 17.574580
-67.713000 17.592560
-67.713000 17.610540
-67.713000 17.628520
-67.713000 17.646500
-67.713000 17.664480
-67.713000 17.682460
-67.713000 17.700440
-67.713000 17.718420
-67.713000 17.736400
-67.713000 17.754380
-67.713000 17.772360
-67.713000 17.790340
-67.713000 17.808320
-67.713000 17.826300
-67.713000 17.844280
-67.713000 17.862260
-67.713000 17.880240
-67.713000 17.898220
-67.713000 17.916200
-67.713000 17.934180
-67.713000 17.952160
-67.713000 17.970140
-67.713000 17.988120
-67.713000 18.006100
-67.713000 18.024080
-67.713000 18.042060
-67.713000 18.060040
-67.713000 18.078020
-67.713000 18.096000
-67.713000 18.113980
-67.713000 18.131960
-67.713000 18.149940
-67.713000 18.167920
-67.713000 18.185900
-67.713000 18.203880
-67.713000 18.221860
-67.713000 18.239840
-67.713000 18.257820
-67.713000 18.275800
-67.713000 18.293780
-67.713000 18.311760
-67.713000 18.329740
-67.713000 18.347720
-67.713000 18.365700
-67.713000 18.383680
-67.713000 18.401660
-67.713000 18.419640
-67.713000 18.437620
-67.713000 18.455600
-67.713000 18.473580
-67.713000 18.491560
-67.713000 18.509540
-67.713000 18.527520
-67.713000 18.545500
-67.713000 18.563480
-67.713000 18.581460
-67.713000 18.599440
-67.713000 18.617420
-67.713000 18.635400
-67.713000 18.653380
-67.713000 18.671360
-67.713000 18.689340
-67.713000 18.707320
-67.713000 18.725300
-67.713000 18.743280
-67.713000 18.761260
-67.713000 18.779240
-67.713000 18.797220
-67.694420 17.502660
-67.694420 17.520640
-67.694420 17.538620
-67.694420 17.556600
-67.694420 17.574580
-67.694420 17.592560
-67.694420 17.610540
-67.694420 17.628520
-67.694420 17.646500
-67.694420 17.664480
-67.694420 17.682460
-67.694420 17.700440
-67.694420 17.718420
-67.694420 17.736400
-67.694420 17.754380
-67.694420 17.772360
-67.694420 17.790340
-67.694420 17.808320
-67.694420 17.826300
-67.694420 17.844280
-67.694420 17.862260
-67.694420 17.880240
-67.694420 17.898220
-67.694420 17.916200
-67.694420 17.934180
-67.694420 17.952160
-67.694420 17.970140
-67.694420 17.988120
-67.694420 18.006100
-67.694420 18.024080
-67.694420 18.042060
-67.694420 18.060040
-67.694420 18.078020
-67.694420 18.096000
-67.694420 18.113980
-67.694420 18.131960
-67.694420 18.149940
-67.694420 18.167920
-67.694420 18.185900
-67.694420 18.203880
-67.694420 18.221860
-67.694420 18.239840
-67.694420 18.257820
-67.694420 18.275800
-67.694420 18.293780
-67.694420 18.311760
-67.694420 18.329740
-67.694420 18.347720
-67.694420 18.365700
-67.694420 18.383680
-67.694420 18.401660
-67.694420 18.419640
-67.694420 18.437620
-67.694420 18.455600
-67.694420 18.473580
-67.694420 18.491560
-67.694420 18.509540
-67.694420 18.527520
-67.694420 18.545500
-67.694420 18.563480
-67.694420 18.581460
-67.694420 18.599440
-67.694420 18.617420
-67.694420 18.635400
-67.694420 18.653380
-67.694420 18.671360
-67.694420 18.689340
-67.694420 18.707320
-67.694420 18.725300
-67.694420 18.743280
-67.694420 18.761260
-67.694420 18.779240
-67.694420 18.797220
-67.675840 17.502660
-67.675840 17.520640
-67.675840 17.538620
-67.675840 17.556600
-67.675840 17.574580
-67.675840 17.592560
-67.675840 17.610540
-67.675840 17.628520
-67.675840 17.646500
-67.675840 17.664480
-67.675840 17.682460
-67.675840 17.700440
-67.675840 17.718420
-67.675840 17.736400
-67.675840 17.754380
-67.675840 17.772360
-67.675840 17.790340
-67.675840 17.808320
-67.675840 17.826300
-67.675840 17.844280
-67.675840 17.862260
-67.675840 17.880240
-67.675840 17.898220
-67.675840 17.916200
-67.675840 17.934180
-67.675840 17.952160
-67.675840 17.970140
-67.675840 17.988120
-67.675840 18.006100
-67.675840 18.024080
-67.675840 18.042060
-67.675840 18.060040
-67.675840 18.078020
-67.675840 18.096000
-67.675840 18.113980
-67.675840 18.131960
-67.675840 18.149940
-67.675840 18.167920
-67.675840 18.185900
-67.675840 18.203880
-67.675840 18.221860
-67.675840 18.239840
-67.675840 18.257820
-67.675840 18.275800
-67.675840 18.293780
-67.675840 18.311760
-67.675840 18.329740
-67.675840 18.347720
-67.675840 18.365700
-67.675840 18.383680
-67.675840 18.401660
-67.675840 18.419640
-67.675840 18.437620
-67.675840 18.455600
-67.675840 18.473580
-67.675840 18.491560
-67.675840 18.509540
-67.675840 18.527520
-67.675840 18.545500
-67.675840 18.563480
-67.675840 18.581460
-67.675840 18.599440
-67.675840 18.617420
-67.675840 18.635400
-67.675840 18.653380
-67.675840 18.671360
-67.675840 18.689340
-67.675840 18.707320
-67.675840 18.725300
-67.675840 18.743280
-67.675840 18.761260
-67.675840 18.779240
-67.675840 18.797220
-67.657260 17.502660
-67.657260 17.520640
-67.657260 17.538620
-67.657260 17.556600
-67.657260 17.574580
-67.657260 17.592560
-67.657260 17.610540
-67.657260 17.628520
-67.657260 17.646500
-67.657260 17.664480
-67.657260 17.682460
-67.657260 17.700440
-67.657260 17.718420
-67.657260 17.736400
-67.657260 17.754380
-67.657260 17.772360
-67.657260 17.790340
-67.657260 17.808320
-67.657260 17.826300
-67.657260 17.844280
-67.657260 17.862260
-67.657260 17.880240
-67.657260 17.898220
-67.657260 17.916200
-67.657260 17.934180
-67.657260 17.952160
-67.657260 17.970140
-67.657260 17.988120
-67.657260 18.006100
-67.657260 18.024080
-67.657260 18.042060
-67.657260 18.060040
-67.657260 18.078020
-67.657260 18.096000
-67.657260 18.113980
-67.657260 18.131960
-67.657260 18.149940
-67.657260 18.167920
-67.657260 18.185900
-67.657260 18.203880
-67.657260 18.221860
-67.657260 18.239840
-67.657260 18.257820
-67.657260 18.275800
-67.657260 18.293780
-67.657260 18.311760
-67.657260 18.329740
-67.657260 18.347720
-67.657260 18.365700
-67.657260 18.383680
-67.657260 18.401660
-67.657260 18.419640
-67.657260 18.437620
-67.657260 18.455600
-67.657260 18.473580
-67.657260 18.491560
-67.657260 18.509540
-67.657260 18.527520
-67.657260 18.545500
-67.657260 18.563480
-67.657260 18.581460
-67.657260 18.599440
-67.657260 18.617420
-67.657260 18.635400
-67.657260 18.653380
-67.657260 18.671360
-67.657260 18.689340
-67.657260 18.707320
-67.657260 18.725300
-67.657260 18.743280
-67.657260 18.761260
-67.657260 18.779240
-67.657260 18.797220
-67.638680 17.502660
-67.638680 17.520640
-67.638680 17.538620
-67.638680 17.556600
-67.638680 17.574580
-67.638680 17.592560
-67.638680 17.610540
-67.638680 17.628520
-67.638680 17.646500
-67.638680 17.664480
-67.638680 17.682460
-67.638680 17.700440
-67.638680 17.718420
-67.638680 17.736400
-67.638680 17.754380
-67.638680 17.772360
-67.638680 17.790340
-67.638680 17.808320
-67.638680 17.826300
-67.638680 17.844280
-67.638680 17.862260
-67.638680 17.880240
-67.638680 17.898220
-67.638680 17.916200
-67.638680 17.934180
-67.638680 17.952160
-67.638680 17.970140
-67.638680 17.988120
-67.638680 18.006100
-67.638680 18.024080
-67.638680 18.042060
-67.638680 18.060040
-67.638680 18.078020
-67.638680 18.096000
-67.638680 18.113980
-67.638680 18.131960
-67.638680 18.149940
-67.638680 18.167920
-67.638680 18.185900
-67.638680 18.203880
-67.638680 18.221860
-67.638680 18.239840
-67.638680 18.257820
-67.638680 18.275800
-67.638680 18.293780
-67.638680 18.311760
-67.638680 18.329740
-67.638680 18.347720
-67.638680 18.365700
-67.638680 18.383680
-67.638680 18.401660
-67.638680 18.419640
-67.638680 18.437620
-67.638680 18.455600
-67.638680 18.473580
-67.638680 18.491560
-67.638680 18.509540
-67.638680 18.527520
-67.638680 18.545500
-67.638680 18.563480
-67.638680 18.581460
-67.638680 18.599440
-67.638680 18.617420
-67.638680 18.635400
-67.638680 18.653380
-67.638680 18.671360
-67.638680 18.689340
-67.638680 18.707320
-67.638680 18.725300
-67.638680 18.743280
-67.638680 18.761260
-67.638680 18.779240
-67.638680 18.797220
-67.620100 17.502660
-67.620100 17.520640
-67.620100 17.538620
-67.620100 17.556600
-67.620100 17.574580
-67.620100 17.592560
-67.620100 17.610540
-67.620100 17.628520
-67.620100 17.646500
-67.620100 17.664480
-67.620100 17.682460
-67.620100 17.700440
-67.620100 17.718420
-67.620100 17.736400
-67.620100 17.754380
-67.620100 17.772360
-67.620100 17.790340
-67.620100 17.808320
-67.620100 17.826300
-67.620100 17.844280
-67.620100 17.862260
-67.620100 17.880240
-67.620100 17.898220
-67.620100 17.916200
-67.620100 17.934180
-67.620100 17.952160
-67.620100 17.970140
-67.620100 17.988120
-67.620100 18.006100
-67.620100 18.024080
-67.620100 18.042060
-67.620100 18.060040
-67.620100 18.078020
-67.620100 18.096000
-67.620100 18.113980
-67.620100 18.131960
-67.620100 18.149940
-67.620100 18.167920
-67.620100 18.185900
-67.620100 18.203880
-67.620100 18.221860
-67.620100 18.239840
-67.620100 18.257820
-67.620100 18.275800
-67.620100 18.293780
-67.620100 18.311760
-67.620100 18.329740
-67.620100 18.347720
-67.620100 18.365700
-67.620100 18.383680
-67.620100 18.401660
-67.620100 18.419640
-67.620100 18.437620
-67.620100 18.455600
-67.620100 18.473580
-67.620100 18.491560
-67.620100 18.509540
-67.620100 18.527520
-67.620100 18.545500
-67.620100 18.563480
-67.620100 18.581460
-67.620100 18.599440
-67.620100 18.617420
-67.620100 18.635400
-67.620100 18.653380
-67.620100 18.671360
-67.620100 18.689340
-67.620100 18.707320
-67.620100 18.725300
-67.620100 18.743280
-67.620100 18.761260
-67.620100 18.779240
-67.620100 18.797220
-67.601520 17.502660
-67.601520 17.520640
-67.601520 17.538620
-67.601520 17.556600
-67.601520 17.574580
-67.601520 17.592560
-67.601520 17.610540
-67.601520 17.628520
-67.601520 17.646500
-67.601520 17.664480
-67.601520 17.682460
-67.601520 17.700440
-67.601520 17.718420
-67.601520 17.736400
-67.601520 17.754380
-67.601520 17.772360
-67.601520 17.790340
-67.601520 17.808320
-67.601520 17.826300
-67.601520 17.844280
-67.601520 17.862260
-67.601520 17.880240
-67.601520 17.898220
-67.601520 17.916200
-67.601520 17.934180
-67.601520 17.952160
-67.601520 17.970140
-67.601520 17.988120
-67.601520 18.006100
-67.601520 18.024080
-67.601520 18.042060
-67.601520 18.060040
-67.601520 18.078020
-67.601520 18.096000
-67.601520 18.113980
-67.601520 18.131960
-67.601520 18.149940
-67.601520 18.167920
-67.601520 18.185900
-67.601520 18.203880
-67.601520 18.221860
-67.601520 18.239840
-67.601520 18.257820
-67.601520 18.275800
-67.601520 18.293780
-67.601520 18.311760
-67.601520 18.329740
-67.601520 18.347720
-67.601520 18.365700
-67.601520 18.383680
-67.601520 18.401660
-67.601520 18.419640
-67.601520 18.437620
-67.601520 18.455600
-67.601520 18.473580
-67.601520 18.491560
-67.601520 18.509540
-67.601520 18.527520
-67.601520 18.545500
-67.601520 18.563480
-67.601520 18.581460
-67.601520 18.599440
-67.601520 18.617420
-67.601520 18.635400
-67.601520 18.653380
-67.601520 18.671360
-67.601520 18.689340
-67.601520 18.707320
-67.601520 18.725300
-67.601520 18.743280
-67.601520 18.761260
-67.601520 18.779240
-67.601520 18.797220
-67.582940 17.502660
-67.582940 17.520640
-67.582940 17.538620
-67.582940 17.556600
-67.582940 17.574580
-67.582940 17.592560
-67.582940 17.610540
-67.582940 17.628520
-67.582940 17.646500
-67.582940 17.664480
-67.582940 17.682460
-67.582940 17.700440
-67.582940 17.718420
-67.582940 17.736400
-67.582940 17.754380
-67.582940 17.772360
-67.582940 17.790340
-67.582940 17.808320
-67.582940 17.826300
-67.582940 17.844280
-67.582940 17.862260
-67.582940 17.880240
-67.582940 17.898220
-67.582940 17.916200
-67.582940 17.934180
-67.582940 17.952160
-67.582940 17.970140
-67.582940 17.988120
-67.582940 18.006100
-67.582940 18.024080
-67.582940 18.042060
-67.582940 18.060040
-67.582940 18.078020
-67.582940 18.096000
-67.582940 18.113980
-67.582940 18.131960
-67.582940 18.149940
-67.582940 18.167920
-67.582940 18.185900
-67.582940 18.203880
-67.582940 18.221860
-67.582940 18.239840
-67.582940 18.257820
-67.582940 18.275800
-67.582940 18.293780
-67.582940 18.311760
-67.582940 18.329740
-67.582940 18.347720
-67.582940 18.365700
-67.582940 18.383680
-67.582940 18.401660
-67.582940 18.419640
-67.582940 18.437620
-67.582940 18.455600
-67.582940 18.473580
-67.582940 18.491560
-67.582940 18.509540
-67.582940 18.527520
-67.582940 18.545500
-67.582940 18.563480
-67.582940 18.581460
-67.582940 18.599440
-67.582940 18.617420
-67.582940 18.635400
-67.582940 18.653380
-67.582940 18.671360
-67.582940 18.689340
-67.582940 18.707320
-67.582940 18.725300
-67.582940 18.743280
-67.582940 18.761260
-67.582940 18.779240
-67.582940 18.797220
-67.564360 17.502660
-67.564360 17.520640
-67.564360 17.538620
-67.564360 17.556600
-67.564360 17.574580
-67.564360 17.592560
-67.564360 17.610540
-67.564360 17.628520
-67.564360 17.646500
-67.564360 17.664480
-67.564360 17.682460
-67.564360 17.700440
-67.564360 17.718420
-67.564360 17.736400
-67.564360 17.754380
-67.564360 17.772360
-67.564360 17.790340
-67.564360 17.808320
-67.564360 17.826300
-67.564360 17.844280
-67.564360 17.862260
-67.564360 17.880240
-67.564360 17.898220
-67.564360 17.916200
-67.564360 17.934180
-67.564360 17.952160
-67.564360 17.970140
-67.564360 17.988120
-67.564360 18.006100
-67.564360 18.024080
-67.564360 18.042060
-67.564360 18.060040
-67.564360 18.078020
-67.564360 18.096000
-67.564360 18.113980
-67.564360 18.131960
-67.564360 18.149940
-67.564360 18.167920
-67.564360 18.185900
-67.564360 18.203880
-67.564360 18.221860
-67.564360 18.239840
-67.564360 18.257820
-67.564360 18.275800
-67.564360 18.293780
-67.564360 18.311760
-67.564360 18.329740
-67.564360 18.347720
-67.564360 18.365700
-67.564360 18.383680
-67.564360 18.401660
-67.564360 18.419640
-67.564360 18.437620
-67.564360 18.455600
-67.564360 18.473580
-67.564360 18.491560
-67.564360 18.509540
-67.564360 18.527520
-67.564360 18.545500
-67.564360 18.563480
-67.564360 18.581460
-67.564360 18.599440
-67.564360 18.617420
-67.564360 18.635400
-67.564360 18.653380
-67.564360 18.671360
-67.564360 18.689340
-67.564360 18.707320
-67.564360 18.725300
-67.564360 18.743280
-67.564360 18.761260
-67.564360 18.779240
-67.564360 18.797220
-67.545780 17.502660
-67.545780 17.520640
-67.545780 17.538620
-67.545780 17.556600
-67.545780 17.574580
-67.545780 17.592560
-67.545780 17.610540
-67.545780 17.628520
-67.545780 17.646500
-67.545780 17.664480
-67.545780 17.682460
-67.545780 17.700440
-67.545780 17.718420
-67.545780 17.736400
-67.545780 17.754380
-67.545780 17.772360
-67.545780 17.790340
-67.545780 17.808320
-67.545780 17.826300
-67.545780 17.844280
-67.545780 17.862260
-67.545780 17.880240
-67.545780 17.898220
-67.545780 17.916200
-67.545780 17.934180
-67.545780 17.952160
-67.545780 17.970140
-67.545780 17.988120
-67.545780 18.006100
-67.545780 18.024080
-67.545780 18.042060
-67.545780 18.060040
-67.545780 18.078020
-67.545780 18.096000
-67.545780 18.113980
-67.545780 18.131960
-67.545780 18.149940
-67.545780 18.167920
-67.545780 18.185900
-67.545780 18.203880
-67.545780 18.221860
-67.545780 18.239840
-67.545780 18.257820
-67.545780 18.275800
-67.545780 18.293780
-67.545780 18.311760
-67.545780 18.329740
-67.545780 18.347720
-67.545780 18.365700
-67.545780 18.383680
-67.545780 18.401660
-67.545780 18.419640
-67.545780 18.437620
-67.545780 18.455600
-67.545780 18.473580
-67.545780 18.491560
-67.545780 18.509540
-67.545780 18.527520
-67.545780 18.545500
-67.545780 18.563480
-67.545780 18.581460
-67.545780 18.599440
-67.545780 18.617420
-67.545780 18.635400
-67.545780 18.653380
-67.545780 18.671360
-67.545780 18.689340
-67.545780 18.707320
-67.545780 18.725300
-67.545780 18.743280
-67.545780 18.761260
-67.545780 18.779240
-67.545780 18.797220
-67.527200 17.502660
-67.527200 17.520640
-67.527200 17.538620
-67.527200 17.556600
-67.527200 17.574580
-67.527200 17.592560
-67.527200 17.610540
-67.527200 17.628520
-67.527200 17.646500
-67.527200 17.664480
-67.527200 17.682460
-67.527200 17.700440
-67.527200 17.718420
-67.527200 17.736400
-67.527200 17.754380
-67.527200 17.772360
-67.527200 17.790340
-67.527200 17.808320
-67.527200 17.826300
-67.527200 17.844280
-67.527200 17.862260
-67.527200 17.880240
-67.527200 17.898220
-67.527200 17.916200
-67.527200 17.934180
-67.527200 17.952160
-67.527200 17.970140
-67.527200 17.988120
-67.527200 18.006100
-67.527200 18.024080
-67.527200 18.042060
-67.527200 18.060040
-67.527200 18.078020
-67.527200 18.096000
-67.527200 18.113980
-67.527200 18.131960
-67.527200 18.149940
-67.527200 18.167920
-67.527200 18.185900
-67.527200 18.203880
-67.527200 18.221860
-67.527200 18.239840
-67.527200 18.257820
-67.527200 18.275800
-67.527200 18.293780
-67.527200 18.311760
-67.527200 18.329740
-67.527200 18.347720
-67.527200 18.365700
-67.527200 18.383680
-67.527200 18.401660
-67.527200 18.419640
-67.527200 18.437620
-67.527200 18.455600
-67.527200 18.473580
-67.527200 18.491560
-67.527200 18.509540
-67.527200 18.527520
-67.527200 18.545500
-67.527200 18.563480
-67.527200 18.581460
-67.527200 18.599440
-67.527200 18.617420
-67.527200 18.635400
-67.527200 18.653380
-67.527200 18.671360
-67.527200 18.689340
-67.527200 18.707320
-67.527200 18.725300
-67.527200 18.743280
-67.527200 18.761260
-67.527200 18.779240
-67.527200 18.797220
-67.508620 17.502660
-67.508620 17.520640
-67.508620 17.538620
-67.508620 17.556600
-67.508620 17.574580
-67.508620 17.592560
-67.508620 17.610540
-67.508620 17.628520
-67.508620 17.646500
-67.508620 17.664480
-67.508620 17.682460
-67.508620 17.700440
-67.508620 17.718420
-67.508620 17.736400
-67.508620 17.754380
-67.508620 17.772360
-67.508620 17.790340
-67.508620 17.808320
-67.508620 17.826300
-67.508620 17.844280
-67.508620 17.862260
-67.508620 17.880240
-67.508620 17.898220
-67.508620 17.916200
-67.508620 17.934180
-67.508620 17.952160
-67.508620 17.970140
-67.508620 17.988120
-67.508620 18.006100
-67.508620 18.024080
-67.508620 18.042060
-67.508620 18.060040
-67.508620 18.078020
-67.508620 18.096000
-67.508620 18.113980
-67.508620 18.131960
-67.508620 18.149940
-67.508620 18.167920
-67.508620 18.185900
-67.508620 18.203880
-67.508620 18.221860
-67.508620 18.239840
-67.508620 18.257820
-67.508620 18.275800
-67.508620 18.293780
-67.508620 18.311760
-67.508620 18.329740
-67.508620 18.347720
-67.508620 18.365700
-67.508620 18.383680
-67.508620 18.401660
-67.508620 18.419640
-67.508620 18.437620
-67.508620 18.455600
-67.508620 18.473580
-67.508620 18.491560
-67.508620 18.509540
-67.508620 18.527520
-67.508620 18.545500
-67.508620 18.563480
-67.508620 18.581460
-67.508620 18.599440
-67.508620 18.617420
-67.508620 18.635400
-67.508620 18.653380
-67.508620 18.671360
-67.508620 18.689340
-67.508620 18.707320
-67.508620 18.725300
-67.508620 18.743280
-67.508620 18.761260
-67.508620 18.779240
-67.508620 18.797220
-67.490040 17.502660
-67.490040 17.520640
-67.490040 17.538620
-67.490040 17.556600
-67.490040 17.574580
-67.490040 17.592560
-67.490040 17.610540
-67.490040 17.628520
-67.490040 17.646500
-67.490040 17.664480
-67.490040 17.682460
-67.490040 17.700440
-67.490040 17.718420
-67.490040 17.736400
-67.490040 17.754380
-67.490040 17.772360
-67.490040 17.790340
-67.490040 17.808320
-67.490040 17.826300
-67.490040 17.844280
-67.490040 17.862260
-67.490040 17.880240
-67.490040 17.898220
-67.490040 17.916200
-67.490040 17.934180
-67.490040 17.952160
-67.490040 17.970140
-67.490040 17.988120
-67.490040 18.006100
-67.490040 18.024080
-67.490040 18.042060
-67.490040 18.060040
-67.490040 18.078020
-67.490040 18.096000
-67.490040 18.113980
-67.490040 18.131960
-67.490040 18.149940
-67.490040 18.167920
-67.490040 18.185900
-67.490040 18.203880
-67.490040 18.221860
-67.490040 18.239840
-67.490040 18.257820
-67.490040 18.275800
-67.490040 18.293780
-67.490040 18.311760
-67.490040 18.329740
-67.490040 18.347720
-67.490040 18.365700
-67.490040 18.401660
-67.490040 18.419640
-67.490040 18.437620
-67.490040 18.455600
-67.490040 18.473580
-67.490040 18.491560
-67.490040 18.509540
-67.490040 18.527520
-67.490040 18.545500
-67.490040 18.563480
-67.490040 18.581460
-67.490040 18.599440
-67.490040 18.617420
-67.490040 18.635400
-67.490040 18.653380
-67.490040 18.671360
-67.490040 18.689340
-67.490040 18.707320
-67.490040 18.725300
-67.490040 18.743280
-67.490040 18.761260
-67.490040 18.779240
-67.490040 18.797220
-67.471460 17.502660
-67.471460 17.520640
-67.471460 17.538620
-67.471460 17.556600
-67.471460 17.574580
-67.471460 17.592560
-67.471460 17.610540
-67.471460 17.628520
-67.471460 17.646500
-67.471460 17.664480
-67.471460 17.682460
-67.471460 17.700440
-67.471460 17.718420
-67.471460 17.736400
-67.471460 17.754380
-67.471460 17.772360
-67.471460 17.790340
-67.471460 17.808320
-67.471460 17.826300
-67.471460 17.844280
-67.471460 17.862260
-67.471460 17.880240
-67.471460 17.898220
-67.471460 17.916200
-67.471460 17.934180
-67.471460 17.952160
-67.471460 17.970140
-67.471460 17.988120
-67.471460 18.006100
-67.471460 18.024080
-67.471460 18.042060
-67.471460 18.060040
-67.471460 18.078020
-67.471460 18.096000
-67.471460 18.113980
-67.471460 18.131960
-67.471460 18.149940
-67.471460 18.167920
-67.471460 18.185900
-67.471460 18.203880
-67.471460 18.221860
-67.471460 18.239840
-67.471460 18.257820
-67.471460 18.275800
-67.471460 18.293780
-67.471460 18.311760
-67.471460 18.329740
-67.471460 18.347720
-67.471460 18.365700
-67.471460 18.401660
-67.471460 18.419640
-67.471460 18.437620
-67.471460 18.455600
-67.471460 18.473580
-67.471460 18.491560
-67.471460 18.509540
-67.471460 18.527520
-67.471460 18.545500
-67.471460 18.563480
-67.471460 18.581460
-67.471460 18.599440
-67.471460 18.617420
-67.471460 18.635400
-67.471460 18.653380
-67.471460 18.671360
-67.471460 18.689340
-67.471460 18.707320
-67.471460 18.725300
-67.471460 18.743280
-67.471460 18.761260
-67.471460 18.779240
-67.471460 18.797220
-67.452880 17.502660
-67.452880 17.520640
-67.452880 17.538620
-67.452880 17.556600
-67.452880 17.574580
-67.452880 17.592560
-67.452880 17.610540
-67.452880 17.628520
-67.452880 17.646500
-67.452880 17.664480
-67.452880 17.682460
-67.452880 17.700440
-67.452880 17.718420
-67.452880 17.736400
-67.452880 17.754380
-67.452880 17.772360
-67.452880 17.790340
-67.452880 17.808320
-67.452880 17.826300
-67.452880 17.844280
-67.452880 17.862260
-67.452880 17.880240
-67.452880 17.898220
-67.452880 17.916200
-67.452880 17.934180
-67.452880 17.952160
-67.452880 17.970140
-67.452880 17.988120
-67.452880 18.006100
-67.452880 18.024080
-67.452880 18.042060
-67.452880 18.060040
-67.452880 18.078020
-67.452880 18.096000
-67.452880 18.113980
-67.452880 18.131960
-67.452880 18.149940
-67.452880 18.167920
-67.452880 18.185900
-67.452880 18.203880
-67.452880 18.221860
-67.452880 18.239840
-67.452880 18.257820
-67.452880 18.275800
-67.452880 18.293780
-67.452880 18.311760
-67.452880 18.329740
-67.452880 18.347720
-67.452880 18.365700
-67.452880 18.383680
-67.452880 18.401660
-67.452880 18.419640
-67.452880 18.437620
-67.452880 18.455600
-67.452880 18.473580
-67.452880 18.491560
-67.452880 18.509540
-67.452880 18.527520
-67.452880 18.545500
-67.452880 18.563480
-67.452880 18.581460
-67.452880 18.599440
-67.452880 18.617420
-67.452880 18.635400
-67.452880 18.653380
-67.452880 18.671360
-67.452880 18.689340
-67.452880 18.707320
-67.452880 18.725300
-67.452880 18.743280
-67.452880 18.761260
-67.452880 18.779240
-67.452880 18.797220
-67.434300 17.502660
-67.434300 17.520640
-67.434300 17.538620
-67.434300 17.556600
-67.434300 17.574580
-67.434300 17.592560
-67.434300 17.610540
-67.434300 17.628520
-67.434300 17.646500
-67.434300 17.664480
-67.434300 17.682460
-67.434300 17.700440
-67.434300 17.718420
-67.434300 17.736400
-67.434300 17.754380
-67.434300 17.772360
-67.434300 17.790340
-67.434300 17.808320
-67.434300 17.826300
-67.434300 17.844280
-67.434300 17.862260
-67.434300 17.880240
-67.434300 17.898220
-67.434300 17.916200
-67.434300 17.934180
-67.434300 17.952160
-67.434300 17.970140
-67.434300 17.988120
-67.434300 18.006100
-67.434300 18.024080
-67.434300 18.042060
-67.434300 18.060040
-67.434300 18.078020
-67.434300 18.096000
-67.434300 18.113980
-67.434300 18.131960
-67.434300 18.149940
-67.434300 18.167920
-67.434300 18.185900
-67.434300 18.203880
-67.434300 18.221860
-67.434300 18.239840
-67.434300 18.257820
-67.434300 18.275800
-67.434300 18.293780
-67.434300 18.311760
-67.434300 18.329740
-67.434300 18.347720
-67.434300 18.365700
-67.434300 18.383680
-67.434300 18.401660
-67.434300 18.419640
-67.434300 18.437620
-67.434300 18.455600
-67.434300 18.473580
-67.434300 18.491560
-67.434300 18.509540
-67.434300 18.527520
-67.434300 18.545500
-67.434300 18.563480
-67.434300 18.581460
-67.434300 18.599440
-67.434300 18.617420
-67.434300 18.635400
-67.434300 18.653380
-67.434300 18.671360
-67.434300 18.689340
-67.434300 18.707320
-67.434300 18.725300
-67.434300 18.743280
-67.434300 18.761260
-67.434300 18.779240
-67.434300 18.797220
-67.415720 17.502660
-67.415720 17.520640
-67.415720 17.538620
-67.415720 17.556600
-67.415720 17.574580
-67.415720 17.592560
-67.415720 17.610540
-67.415720 17.628520
-67.415720 17.646500
-67.415720 17.664480
-67.415720 17.682460
-67.415720 17.700440
-67.415720 17.718420
-67.415720 17.736400
-67.415720 17.754380
-67.415720 17.772360
-67.415720 17.790340
-67.415720 17.808320
-67.415720 17.826300
-67.415720 17.844280
-67.415720 17.862260
-67.415720 17.880240
-67.415720 17.898220
-67.415720 17.916200
-67.415720 17.934180
-67.415720 17.952160
-67.415720 17.970140
-67.415720 17.988120
-67.415720 18.006100
-67.415720 18.024080
-67.415720 18.042060
-67.415720 18.060040
-67.415720 18.078020
-67.415720 18.096000
-67.415720 18.113980
-67.415720 18.131960
-67.415720 18.149940
-67.415720 18.167920
-67.415720 18.185900
-67.415720 18.203880
-67.415720 18.221860
-67.415720 18.239840
-67.415720 18.257820
-67.415720 18.275800
-67.415720 18.293780
-67.415720 18.311760
-67.415720 18.329740
-67.415720 18.347720
-67.415720 18.365700
-67.415720 18.383680
-67.415720 18.401660
-67.415720 18.419640
-67.415720 18.437620
-67.415720 18.455600
-67.415720 18.473580
-67.415720 18.491560
-67.415720 18.509540
-67.415720 18.527520
-67.415720 18.545500
-67.415720 18.563480
-67.415720 18.581460
-67.415720 18.599440
-67.415720 18.617420
-67.415720 18.635400
-67.415720 18.653380
-67.415720 18.671360
-67.415720 18.689340
-67.415720 18.707320
-67.415720 18.725300
-67.415720 18.743280
-67.415720 18.761260
-67.415720 18.779240
-67.415720 18.797220
-67.397140 17.502660
-67.397140 17.520640
-67.397140 17.538620
-67.397140 17.556600
-67.397140 17.574580
-67.397140 17.592560
-67.397140 17.610540
-67.397140 17.628520
-67.397140 17.646500
-67.397140 17.664480
-67.397140 17.682460
-67.397140 17.700440
-67.397140 17.718420
-67.397140 17.736400
-67.397140 17.754380
-67.397140 17.772360
-67.397140 17.790340
-67.397140 17.808320
-67.397140 17.826300
-67.397140 17.844280
-67.397140 17.862260
-67.397140 17.880240
-67.397140 17.898220
-67.397140 17.916200
-67.397140 17.934180
-67.397140 17.952160
-67.397140 17.970140
-67.397140 17.988120
-67.397140 18.006100
-67.397140 18.024080
-67.397140 18.042060
-67.397140 18.060040
-67.397140 18.078020
-67.397140 18.096000
-67.397140 18.113980
-67.397140 18.131960
-67.397140 18.149940
-67.397140 18.167920
-67.397140 18.185900
-67.397140 18.203880
-67.397140 18.221860
-67.397140 18.239840
-67.397140 18.257820
-67.397140 18.275800
-67.397140 18.293780
-67.397140 18.311760
-67.397140 18.329740
-67.397140 18.347720
-67.397140 18.365700
-67.397140 18.383680
-67.397140 18.401660
-67.397140 18.419640
-67.397140 18.437620
-67.397140 18.455600
-67.397140 18.473580
-67.397140 18.491560
-67.397140 18.509540
-67.397140 18.527520
-67.397140 18.545500
-67.397140 18.563480
-67.397140 18.581460
-67.397140 18.599440
-67.397140 18.617420
-67.397140 18.635400
-67.397140 18.653380
-67.397140 18.671360
-67.397140 18.689340
-67.397140 18.707320
-67.397140 18.725300
-67.397140 18.743280
-67.397140 18.761260
-67.397140 18.779240
-67.397140 18.797220
-67.378560 17.502660
-67.378560 17.520640
-67.378560 17.538620
-67.378560 17.556600
-67.378560 17.574580
-67.378560 17.592560
-67.378560 17.610540
-67.378560 17.628520
-67.378560 17.646500
-67.378560 17.664480
-67.378560 17.682460
-67.378560 17.700440
-67.378560 17.718420
-67.378560 17.736400
-67.378560 17.754380
-67.378560 17.772360
-67.378560 17.790340
-67.378560 17.808320
-67.378560 17.826300
-67.378560 17.844280
-67.378560 17.862260
-67.378560 17.880240
-67.378560 17.898220
-67.378560 17.916200
-67.378560 17.934180
-67.378560 17.952160
-67.378560 17.970140
-67.378560 17.988120
-67.378560 18.006100
-67.378560 18.024080
-67.378560 18.042060
-67.378560 18.060040
-67.378560 18.078020
-67.378560 18.096000
-67.378560 18.113980
-67.378560 18.131960
-67.378560 18.149940
-67.378560 18.167920
-67.378560 18.185900
-67.378560 18.203880
-67.378560 18.221860
-67.378560 18.239840
-67.378560 18.257820
-67.378560 18.275800
-67.378560 18.293780
-67.378560 18.311760
-67.378560 18.329740
-67.378560 18.347720
-67.378560 18.365700
-67.378560 18.383680
-67.378560 18.401660
-67.378560 18.419640
-67.378560 18.437620
-67.378560 18.455600
-67.378560 18.473580
-67.378560 18.491560
-67.378560 18.509540
-67.378560 18.527520
-67.378560 18.545500
-67.378560 18.563480
-67.378560 18.581460
-67.378560 18.599440
-67.378560 18.617420
-67.378560 18.635400
-67.378560 18.653380
-67.378560 18.671360
-67.378560 18.689340
-67.378560 18.707320
-67.378560 18.725300
-67.378560 18.743280
-67.378560 18.761260
-67.378560 18.779240
-67.378560 18.797220
-67.359980 17.502660
-67.359980 17.520640
-67.359980 17.538620
-67.359980 17.556600
-67.359980 17.574580
-67.359980 17.592560
-67.359980 17.610540
-67.359980 17.628520
-67.359980 17.646500
-67.359980 17.664480
-67.359980 17.682460
-67.359980 17.700440
-67.359980 17.718420
-67.359980 17.736400
-67.359980 17.754380
-67.359980 17.772360
-67.359980 17.790340
-67.359980 17.808320
-67.359980 17.826300
-67.359980 17.844280
-67.359980 17.862260
-67.359980 17.880240
-67.359980 17.898220
-67.359980 17.916200
-67.359980 17.934180
-67.359980 17.952160
-67.359980 17.970140
-67.359980 17.988120
-67.359980 18.006100
-67.359980 18.024080
-67.359980 18.042060
-67.359980 18.060040
-67.359980 18.078020
-67.359980 18.096000
-67.359980 18.113980
-67.359980 18.131960
-67.359980 18.149940
-67.359980 18.167920
-67.359980 18.185900
-67.359980 18.203880
-67.359980 18.221860
-67.359980 18.239840
-67.359980 18.257820
-67.359980 18.275800
-67.359980 18.293780
-67.359980 18.311760
-67.359980 18.329740
-67.359980 18.347720
-67.359980 18.365700
-67.359980 18.383680
-67.359980 18.401660
-67.359980 18.419640
-67.359980 18.437620
-67.359980 18.455600
-67.359980 18.473580
-67.359980 18.491560
-67.359980 18.509540
-67.359980 18.527520
-67.359980 18.545500
-67.359980 18.563480
-67.359980 18.581460
-67.359980 18.599440
-67.359980 18.617420
-67.359980 18.635400
-67.359980 18.653380
-67.359980 18.671360
-67.359980 18.689340
-67.359980 18.707320
-67.359980 18.725300
-67.359980 18.743280
-67.359980 18.761260
-67.359980 18.779240
-67.359980 18.797220
-67.341400 17.502660
-67.341400 17.520640
-67.341400 17.538620
-67.341400 17.556600
-67.341400 17.574580
-67.341400 17.592560
-67.341400 17.610540
-67.341400 17.628520
-67.341400 17.646500
-67.341400 17.664480
-67.341400 17.682460
-67.341400 17.700440
-67.341400 17.718420
-67.341400 17.736400
-67.341400 17.754380
-67.341400 17.772360
-67.341400 17.790340
-67.341400 17.808320
-67.341400 17.826300
-67.341400 17.844280
-67.341400 17.862260
-67.341400 17.880240
-67.341400 17.898220
-67.341400 17.916200
-67.341400 17.934180
-67.341400 17.952160
-67.341400 17.970140
-67.341400 17.988120
-67.341400 18.006100
-67.341400 18.024080
-67.341400 18.042060
-67.341400 18.060040
-67.341400 18.078020
-67.341400 18.096000
-67.341400 18.113980
-67.341400 18.131960
-67.341400 18.149940
-67.341400 18.167920
-67.341400 18.185900
-67.341400 18.203880
-67.341400 18.221860
-67.341400 18.239840
-67.341400 18.257820
-67.341400 18.275800
-67.341400 18.293780
-67.341400 18.311760
-67.341400 18.329740
-67.341400 18.347720
-67.341400 18.365700
-67.341400 18.383680
-67.341400 18.401660
-67.341400 18.419640
-67.341400 18.437620
-67.341400 18.455600
-67.341400 18.473580
-67.341400 18.491560
-67.341400 18.509540
-67.341400 18.527520
-67.341400 18.545500
-67.341400 18.563480
-67.341400 18.581460
-67.341400 18.599440
-67.341400 18.617420
-67.341400 18.635400
-67.341400 18.653380
-67.341400 18.671360
-67.341400 18.689340
-67.341400 18.707320
-67.341400 18.725300
-67.341400 18.743280
-67.341400 18.761260
-67.341400 18.779240
-67.341400 18.797220
-67.322820 17.502660
-67.322820 17.520640
-67.322820 17.538620
-67.322820 17.556600
-67.322820 17.574580
-67.322820 17.592560
-67.322820 17.610540
-67.322820 17.628520
-67.322820 17.646500
-67.322820 17.664480
-67.322820 17.682460
-67.322820 17.700440
-67.322820 17.718420
-67.322820 17.736400
-67.322820 17.754380
-67.322820 17.772360
-67.322820 17.790340
-67.322820 17.808320
-67.322820 17.826300
-67.322820 17.844280
-67.322820 17.862260
-67.322820 17.880240
-67.322820 17.898220
-67.322820 17.916200
-67.322820 17.934180
-67.322820 17.952160
-67.322820 17.970140
-67.322820 17.988120
-67.322820 18.006100
-67.322820 18.024080
-67.322820 18.042060
-67.322820 18.060040
-67.322820 18.078020
-67.322820 18.096000
-67.322820 18.113980
-67.322820 18.131960
-67.322820 18.149940
-67.322820 18.167920
-67.322820 18.185900
-67.322820 18.203880
-67.322820 18.221860
-67.322820 18.239840
-67.322820 18.257820
-67.322820 18.275800
-67.322820 18.293780
-67.322820 18.311760
-67.322820 18.329740
-67.322820 18.347720
-67.322820 18.365700
-67.322820 18.383680
-67.322820 18.401660
-67.322820 18.419640
-67.322820 18.437620
-67.322820 18.455600
-67.322820 18.473580
-67.322820 18.491560
-67.322820 18.509540
-67.322820 18.527520
-67.322820 18.545500
-67.322820 18.563480
-67.322820 18.581460
-67.322820 18.599440
-67.322820 18.617420
-67.322820 18.635400
-67.322820 18.653380
-67.322820 18.671360
-67.322820 18.689340
-67.322820 18.707320
-67.322820 18.725300
-67.322820 18.743280
-67.322820 18.761260
-67.322820 18.779240
-67.322820 18.797220
-67.304240 17.502660
-67.304240 17.520640
-67.304240 17.538620
-67.304240 17.556600
-67.304240 17.574580
-67.304240 17.592560
-67.304240 17.610540
-67.304240 17.628520
-67.304240 17.646500
-67.304240 17.664480
-67.304240 17.682460
-67.304240 17.700440
-67.304240 17.718420
-67.304240 17.736400
-67.304240 17.754380
-67.304240 17.772360
-67.304240 17.790340
-67.304240 17.808320
-67.304240 17.826300
-67.304240 17.844280
-67.304240 17.862260
-67.304240 17.880240
-67.304240 17.898220
-67.304240 17.916200
-67.304240 17.934180
-67.304240 17.952160
-67.304240 17.970140
-67.304240 17.988120
-67.304240 18.006100
-67.304240 18.024080
-67.304240 18.042060
-67.304240 18.060040
-67.304240 18.078020
-67.304240 18.096000
-67.304240 18.113980
-67.304240 18.131960
-67.304240 18.149940
-67.304240 18.167920
-67.304240 18.185900
-67.304240 18.203880
-67.304240 18.221860
-67.304240 18.239840
-67.304240 18.257820
-67.304240 18.275800
-67.304240 18.293780
-67.304240 18.311760
-67.304240 18.329740
-67.304240 18.347720
-67.304240 18.365700
-67.304240 18.383680
-67.304240 18.401660
-67.304240 18.419640
-67.304240 18.437620
-67.304240 18.455600
-67.304240 18.473580
-67.304240 18.491560
-67.304240 18.509540
-67.304240 18.527520
-67.304240 18.545500
-67.304240 18.563480
-67.304240 18.581460
-67.304240 18.599440
-67.304240 18.617420
-67.304240 18.635400
-67.304240 18.653380
-67.304240 18.671360
-67.304240 18.689340
-67.304240 18.707320
-67.304240 18.725300
-67.304240 18.743280
-67.304240 18.761260
-67.304240 18.779240
-67.304240 18.797220
-67.285660 17.502660
-67.285660 17.520640
-67.285660 17.538620
-67.285660 17.556600
-67.285660 17.574580
-67.285660 17.592560
-67.285660 17.610540
-67.285660 17.628520
-67.285660 17.646500
-67.285660 17.664480
-67.285660 17.682460
-67.285660 17.700440
-67.285660 17.718420
-67.285660 17.736400
-67.285660 17.754380
-67.285660 17.772360
-67.285660 17.790340
-67.285660 17.808320
-67.285660 17.826300
-67.285660 17.844280
-67.285660 17.862260
-67.285660 17.880240
-67.285660 17.898220
-67.285660 17.916200
-67.285660 17.934180
-67.285660 17.952160
-67.285660 17.970140
-67.285660 17.988120
-67.285660 18.006100
-67.285660 18.024080
-67.285660 18.042060
-67.285660 18.060040
-67.285660 18.078020
-67.285660 18.096000
-67.285660 18.113980
-67.285660 18.131960
-67.285660 18.149940
-67.285660 18.167920
-67.285660 18.185900
-67.285660 18.203880
-67.285660 18.221860
-67.285660 18.239840
-67.285660 18.257820
-67.285660 18.275800
-67.285660 18.293780
-67.285660 18.311760
-67.285660 18.329740
-67.285660 18.347720
-67.285660 18.365700
-67.285660 18.383680
-67.285660 18.401660
-67.285660 18.419640
-67.285660 18.437620
-67.285660 18.455600
-67.285660 18.473580
-67.285660 18.491560
-67.285660 18.509540
-67.285660 18.527520
-67.285660 18.545500
-67.285660 18.563480
-67.285660 18.581460
-67.285660 18.599440
-67.285660 18.617420
-67.285660 18.635400
-67.285660 18.653380
-67.285660 18.671360
-67.285660 18.689340
-67.285660 18.707320
-67.285660 18.725300
-67.285660 18.743280
-67.285660 18.761260
-67.285660 18.779240
-67.285660 18.797220
-67.267080 17.502660
-67.267080 17.520640
-67.267080 17.538620
-67.267080 17.556600
-67.267080 17.574580
-67.267080 17.592560
-67.267080 17.610540
-67.267080 17.628520
-67.267080 17.646500
-67.267080 17.664480
-67.267080 17.682460
-67.267080 17.700440
-67.267080 17.718420
-67.267080 17.736400
-67.267080 17.754380
-67.267080 17.772360
-67.267080 17.790340
-67.267080 17.808320
-67.267080 17.826300
-67.267080 17.844280
-67.267080 17.862260
-67.267080 17.880240
-67.267080 17.898220
-67.267080 17.916200
-67.267080 17.934180
-67.267080 17.952160
-67.267080 17.970140
-67.267080 17.988120
-67.267080 18.006100
-67.267080 18.024080
-67.267080 18.042060
-67.267080 18.060040
-67.267080 18.078020
-67.267080 18.096000
-67.267080 18.113980
-67.267080 18.131960
-67.267080 18.149940
-67.267080 18.167920
-67.267080 18.185900
-67.267080 18.203880
-67.267080 18.221860
-67.267080 18.239840
-67.267080 18.257820
-67.267080 18.275800
-67.267080 18.293780
-67.267080 18.311760
-67.267080 18.329740
-67.267080 18.383680
-67.267080 18.401660
-67.267080 18.419640
-67.267080 18.437620
-67.267080 18.455600
-67.267080 18.473580
-67.267080 18.491560
-67.267080 18.509540
-67.267080 18.527520
-67.267080 18.545500
-67.267080 18.563480
-67.267080 18.581460
-67.267080 18.599440
-67.267080 18.617420
-67.267080 18.635400
-67.267080 18.653380
-67.267080 18.671360
-67.267080 18.689340
-67.267080 18.707320
-67.267080 18.725300
-67.267080 18.743280
-67.267080 18.761260
-67.267080 18.779240
-67.267080 18.797220
-67.248500 17.502660
-67.248500 17.520640
-67.248500 17.538620
-67.248500 17.556600
-67.248500 17.574580
-67.248500 17.592560
-67.248500 17.610540
-67.248500 17.628520
-67.248500 17.646500
-67.248500 17.664480
-67.248500 17.682460
-67.248500 17.700440
-67.248500 17.718420
-67.248500 17.736400
-67.248500 17.754380
-67.248500 17.772360
-67.248500 17.790340
-67.248500 17.808320
-67.248500 17.826300
-67.248500 17.844280
-67.248500 17.862260
-67.248500 17.880240
-67.248500 17.898220
-67.248500 17.916200
-67.248500 17.934180
-67.248500 17.952160
-67.248500 17.970140
-67.248500 17.988120
-67.248500 18.006100
-67.248500 18.024080
-67.248500 18.042060
-67.248500 18.060040
-67.248500 18.078020
-67.248500 18.096000
-67.248500 18.113980
-67.248500 18.131960
-67.248500 18.149940
-67.248500 18.167920
-67.248500 18.185900
-67.248500 18.203880
-67.248500 18.221860
-67.248500 18.239840
-67.248500 18.257820
-67.248500 18.275800
-67.248500 18.293780
-67.248500 18.383680
-67.248500 18.401660
-67.248500 18.419640
-67.248500 18.437620
-67.248500 18.455600
-67.248500 18.473580
-67.248500 18.491560
-67.248500 18.509540
-67.248500 18.527520
-67.248500 18.545500
-67.248500 18.563480
-67.248500 18.581460
-67.248500 18.599440
-67.248500 18.617420
-67.248500 18.635400
-67.248500 18.653380
-67.248500 18.671360
-67.248500 18.689340
-67.248500 18.707320
-67.248500 18.725300
-67.248500 18.743280
-67.248500 18.761260
-67.248500 18.779240
-67.248500 18.797220
-67.229920 17.502660
-67.229920 17.520640
-67.229920 17.538620
-67.229920 17.556600
-67.229920 17.574580
-67.229920 17.592560
-67.229920 17.610540
-67.229920 17.628520
-67.229920 17.646500
-67.229920 17.664480
-67.229920 17.682460
-67.229920 17.700440
-67.229920 17.718420
-67.229920 17.736400
-67.229920 17.754380
-67.229920 17.772360
-67.229920 17.790340
-67.229920 17.808320
-67.229920 17.826300
-67.229920 17.844280
-67.229920 17.862260
-67.229920 17.880240
-67.229920 17.898220
-67.229920 17.916200
-67.229920 17.934180
-67.229920 17.952160
-67.229920 17.970140
-67.229920 17.988120
-67.229920 18.006100
-67.229920 18.024080
-67.229920 18.042060
-67.229920 18.060040
-67.229920 18.078020
-67.229920 18.096000
-67.229920 18.113980
-67.229920 18.131960
-67.229920 18.149940
-67.229920 18.167920
-67.229920 18.185900
-67.229920 18.203880
-67.229920 18.221860
-67.229920 18.239840
-67.229920 18.257820
-67.229920 18.275800
-67.229920 18.383680
-67.229920 18.401660
-67.229920 18.419640
-67.229920 18.437620
-67.229920 18.455600
-67.229920 18.473580
-67.229920 18.491560
-67.229920 18.509540
-67.229920 18.527520
-67.229920 18.545500
-67.229920 18.563480
-67.229920 18.581460
-67.229920 18.599440
-67.229920 18.617420
-67.229920 18.635400
-67.229920 18.653380
-67.229920 18.671360
-67.229920 18.689340
-67.229920 18.707320
-67.229920 18.725300
-67.229920 18.743280
-67.229920 18.761260
-67.229920 18.779240
-67.229920 18.797220
-67.211340 17.502660
-67.211340 17.520640
-67.211340 17.538620
-67.211340 17.556600
-67.211340 17.574580
-67.211340 17.592560
-67.211340 17.610540
-67.211340 17.628520
-67.211340 17.646500
-67.211340 17.664480
-67.211340 17.682460
-67.211340 17.700440
-67.211340 17.718420
-67.211340 17.736400
-67.211340 17.754380
-67.211340 17.772360
-67.211340 17.790340
-67.211340 17.808320
-67.211340 17.826300
-67.211340 17.844280
-67.211340 17.862260
-67.211340 17.880240
-67.211340 17.898220
-67.211340 17.916200
-67.211340 17.934180
-67.211340 18.006100
-67.211340 18.024080
-67.211340 18.060040
-67.211340 18.078020
-67.211340 18.096000
-67.211340 18.113980
-67.211340 18.131960
-67.211340 18.149940
-67.211340 18.167920
-67.211340 18.185900
-67.211340 18.203880
-67.211340 18.221860
-67.211340 18.239840
-67.211340 18.257820
-67.211340 18.275800
-67.211340 18.401660
-67.211340 18.419640
-67.211340 18.437620
-67.211340 18.455600
-67.211340 18.473580
-67.211340 18.491560
-67.211340 18.509540
-67.211340 18.527520
-67.211340 18.545500
-67.211340 18.563480
-67.211340 18.581460
-67.211340 18.599440
-67.211340 18.617420
-67.211340 18.635400
-67.211340 18.653380
-67.211340 18.671360
-67.211340 18.689340
-67.211340 18.707320
-67.211340 18.725300
-67.211340 18.743280
-67.211340 18.761260
-67.211340 18.779240
-67.211340 18.797220
-67.192760 17.502660
-67.192760 17.520640
-67.192760 17.538620
-67.192760 17.556600
-67.192760 17.574580
-67.192760 17.592560
-67.192760 17.610540
-67.192760 17.628520
-67.192760 17.646500
-67.192760 17.664480
-67.192760 17.682460
-67.192760 17.700440
-67.192760 17.718420
-67.192760 17.736400
-67.192760 17.754380
-67.192760 17.772360
-67.192760 17.790340
-67.192760 17.808320
-67.192760 17.826300
-67.192760 17.844280
-67.192760 17.862260
-67.192760 17.880240
-67.192760 17.898220
-67.192760 17.916200
-67.192760 18.149940
-67.192760 18.167920
-67.192760 18.203880
-67.192760 18.221860
-67.192760 18.239840
-67.192760 18.257820
-67.192760 18.419640
-67.192760 18.437620
-67.192760 18.455600
-67.192760 18.473580
-67.192760 18.491560
-67.192760 18.509540
-67.192760 18.527520
-67.192760 18.545500
-67.192760 18.563480
-67.192760 18.581460
-67.192760 18.599440
-67.192760 18.617420
-67.192760 18.635400
-67.192760 18.653380
-67.192760 18.671360
-67.192760 18.689340
-67.192760 18.707320
-67.192760 18.725300
-67.192760 18.743280
-67.192760 18.761260
-67.192760 18.779240
-67.192760 18.797220
-67.174180 17.502660
-67.174180 17.520640
-67.174180 17.538620
-67.174180 17.556600
-67.174180 17.574580
-67.174180 17.592560
-67.174180 17.610540
-67.174180 17.628520
-67.174180 17.646500
-67.174180 17.664480
-67.174180 17.682460
-67.174180 17.700440
-67.174180 17.718420
-67.174180 17.736400
-67.174180 17.754380
-67.174180 17.772360
-67.174180 17.790340
-67.174180 17.808320
-67.174180 17.826300
-67.174180 17.844280
-67.174180 17.862260
-67.174180 17.880240
-67.174180 17.898220
-67.174180 17.916200
-67.174180 17.934180
-67.174180 17.952160
-67.174180 18.185900
-67.174180 18.203880
-67.174180 18.419640
-67.174180 18.437620
-67.174180 18.455600
-67.174180 18.491560
-67.174180 18.509540
-67.174180 18.527520
-67.174180 18.545500
-67.174180 18.563480
-67.174180 18.581460
-67.174180 18.599440
-67.174180 18.617420
-67.174180 18.635400
-67.174180 18.653380
-67.174180 18.671360
-67.174180 18.689340
-67.174180 18.707320
-67.174180 18.725300
-67.174180 18.743280
-67.174180 18.761260
-67.174180 18.779240
-67.174180 18.797220
-67.155600 17.502660
-67.155600 17.520640
-67.155600 17.538620
-67.155600 17.556600
-67.155600 17.574580
-67.155600 17.592560
-67.155600 17.610540
-67.155600 17.628520
-67.155600 17.646500
-67.155600 17.664480
-67.155600 17.682460
-67.155600 17.700440
-67.155600 17.718420
-67.155600 17.736400
-67.155600 17.754380
-67.155600 17.772360
-67.155600 17.790340
-67.155600 17.808320
-67.155600 17.826300
-67.155600 17.844280
-67.155600 17.862260
-67.155600 17.880240
-67.155600 17.898220
-67.155600 17.916200
-67.155600 17.934180
-67.155600 18.509540
-67.155600 18.527520
-67.155600 18.545500
-67.155600 18.563480
-67.155600 18.581460
-67.155600 18.599440
-67.155600 18.617420
-67.155600 18.635400
-67.155600 18.653380
-67.155600 18.671360
-67.155600 18.689340
-67.155600 18.707320
-67.155600 18.725300
-67.155600 18.743280
-67.155600 18.761260
-67.155600 18.779240
-67.155600 18.797220
-67.137020 17.502660
-67.137020 17.520640
-67.137020 17.538620
-67.137020 17.556600
-67.137020 17.574580
-67.137020 17.592560
-67.137020 17.610540
-67.137020 17.628520
-67.137020 17.646500
-67.137020 17.664480
-67.137020 17.682460
-67.137020 17.700440
-67.137020 17.718420
-67.137020 17.736400
-67.137020 17.754380
-67.137020 17.772360
-67.137020 17.790340
-67.137020 17.808320
-67.137020 17.826300
-67.137020 17.844280
-67.137020 17.862260
-67.137020 17.880240
-67.137020 17.898220
-67.137020 17.916200
-67.137020 17.934180
-67.137020 18.527520
-67.137020 18.545500
-67.137020 18.563480
-67.137020 18.581460
-67.137020 18.599440
-67.137020 18.617420
-67.137020 18.635400
-67.137020 18.653380
-67.137020 18.671360
-67.137020 18.689340
-67.137020 18.707320
-67.137020 18.725300
-67.137020 18.743280
-67.137020 18.761260
-67.137020 18.779240
-67.137020 18.797220
-67.118440 17.502660
-67.118440 17.520640
-67.118440 17.538620
-67.118440 17.556600
-67.118440 17.574580
-67.118440 17.592560
-67.118440 17.610540
-67.118440 17.628520
-67.118440 17.646500
-67.118440 17.664480
-67.118440 17.682460
-67.118440 17.700440
-67.118440 17.718420
-67.118440 17.736400
-67.118440 17.754380
-67.118440 17.772360
-67.118440 17.790340
-67.118440 17.808320
-67.118440 17.826300
-67.118440 17.844280
-67.118440 17.862260
-67.118440 17.880240
-67.118440 17.898220
-67.118440 17.934180
-67.118440 18.527520
-67.118440 18.545500
-67.118440 18.563480
-67.118440 18.581460
-67.118440 18.599440
-67.118440 18.617420
-67.118440 18.635400
-67.118440 18.653380
-67.118440 18.671360
-67.118440 18.689340
-67.118440 18.707320
-67.118440 18.725300
-67.118440 18.743280
-67.118440 18.761260
-67.118440 18.779240
-67.118440 18.797220
