-74.919028 38.926917
-74.984921 38.864983
-75.027280 38.808679
-75.074347 38.786158
-75.756807 38.797418
-75.723861 40.492165
-73.968290 40.497795
-73.954170 40.418970
-73.944757 40.317623
-73.958877 40.244428
-73.982410 40.188124
-73.991823 40.103668
-74.010650 40.086777
-74.020063 40.024843
-74.029476 39.951648
-74.043596 39.878453
-74.053009 39.827779
-74.067129 39.771475
-74.100076 39.698280
-74.118902 39.647607
-74.147142 39.613825
-74.180088 39.580042
-74.203621 39.551890
-74.231861 39.518108
-74.264807 39.473065
-74.302460 39.439283
-74.340113 39.388609
-74.391886 39.343566
-74.420126 39.332305
-74.462486 39.304153
-74.514258 39.276001
-74.547205 39.253480
-74.580151 39.225328
-74.613098 39.191546
-74.631924 39.174654
-74.669577 39.140872
-74.688403 39.101459
-74.716643 39.056416
-74.749590 39.028264
-74.768416 39.000112
-74.806069 38.966330
-74.829602 38.938178
-74.857842 38.926917
-74.886082 38.915657
-74.914321 38.921287
-74.937855 38.938178
-74.956681 38.938178
-74.961388 38.926917
