-74.991206 38.910804
-74.912597 38.917926
-74.801620 38.967781
-74.741507 39.039003
-74.672146 39.110225
-74.639778 39.181447
-74.602785 39.224180
-74.551921 39.281158
-74.473312 39.302525
-74.427072 39.338136
-74.390079 39.359502
-74.334591 39.409358
-74.292974 39.437846
-74.260606 39.501946
-74.228237 39.530435
-74.172749 39.608779
-74.126508 39.651512
-74.080268 39.744101
-74.061771 39.801079
-74.034027 39.907912
-74.020155 39.979134
-74.010907 40.057478
-73.964666 40.199922
-73.950794 40.278266
-73.941546 40.356610
-73.955418 40.406465
-73.950794 40.470565
-73.960042 40.534665
-73.950794 40.556032
-73.673351 40.563154
-73.456021 40.570276
-73.275683 40.563154
-73.150833 40.548909
-73.049104 40.556032
-73.007488 40.556032
-73.012112 40.926386
-74.986582 40.933508
-74.991206 39.202814
-74.991206 38.910804
