-76.999328 34.664846
-76.533956 34.585228
-76.359442 34.840007
-76.151687 34.951473
-75.927311 35.078862
-75.661384 35.142557
-75.503490 35.285870
-75.453629 35.604343
-75.669694 36.066130
-75.844209 36.480146
-75.910691 36.734925
-75.877450 37.085246
-75.378837 37.833659
-75.154461 38.152132
-75.021498 38.406911
-74.971637 38.550224
-74.905155 38.773156
-74.855294 38.868698
-74.664159 39.059782
-74.531196 39.219019
-74.364992 39.378255
-74.248649 39.489721
-74.132306 39.617111
-74.032583 39.808195
-73.949481 40.110745
-73.924551 40.349600
-73.924551 40.524760
-73.575522 40.524760
-73.259734 40.572531
-72.993807 40.620302
-72.736191 40.699921
-72.495195 40.715844
-72.295750 40.811386
-72.087994 40.891005
-71.822068 40.986547
-71.581072 41.018394
-71.215422 41.193555
-70.866394 41.273173
-70.791602 41.257249
-70.442573 41.257249
-70.101854 41.209478
-69.977201 41.193555
-69.919030 41.209478
-69.919030 43.422870
-69.927340 43.486565
-76.999328 43.438794
-76.999328 34.712617
