
  -7.6533956e+01   3.4585228e+01
  -7.6359442e+01   3.4840007e+01
  -7.6151687e+01   3.4951473e+01
  -7.5927311e+01   3.5078862e+01
  -7.5661384e+01   3.5142557e+01
  -7.5503490e+01   3.5285870e+01
  -7.5453629e+01   3.5604343e+01
  -7.5669694e+01   3.6066130e+01
  -7.5844209e+01   3.6480146e+01
  -7.5910691e+01   3.6734925e+01
  -7.5877450e+01   3.7085246e+01
  -7.5378837e+01   3.7833659e+01
  -7.5154461e+01   3.8152132e+01
  -7.5021498e+01   3.8406911e+01
  -7.4971637e+01   3.8550224e+01
  -7.4905155e+01   3.8773156e+01
  -7.4855294e+01   3.8868698e+01
  -7.4664159e+01   3.9059782e+01
  -7.4531196e+01   3.9219019e+01
  -7.4364992e+01   3.9378255e+01
  -7.4248649e+01   3.9489721e+01
  -7.4132306e+01   3.9617111e+01
  -7.4032583e+01   3.9808195e+01
  -7.3949481e+01   4.0110745e+01
  -7.3924551e+01   4.0349600e+01
  -7.3924551e+01   4.0524760e+01
  -7.3575522e+01   4.0524760e+01
  -7.3259734e+01   4.0572531e+01
  -7.2993807e+01   4.0620302e+01
  -7.2736191e+01   4.0699921e+01
  -7.2495195e+01   4.0715844e+01
  -7.2295750e+01   4.0811386e+01
  -7.2087994e+01   4.0891005e+01
  -7.1822068e+01   4.0986547e+01
  -7.1581072e+01   4.1018394e+01
  -7.1215422e+01   4.1193555e+01
  -7.0866394e+01   4.1273173e+01
  -7.0791602e+01   4.1257249e+01
  -7.0442573e+01   4.1257249e+01
  -7.0101854e+01   4.1209478e+01
  -6.9977201e+01   4.1193555e+01
  -6.9919030e+01   4.1209478e+01
  -6.9919030e+01   4.3422870e+01
  -6.9927340e+01   4.3486565e+01
  -6.9738661e+01   4.3346051e+01
  -6.9271172e+01   4.3360215e+01
  -6.8940034e+01   4.3218430e+01
  -6.8745247e+01   4.2948127e+01
  -6.8394630e+01   4.3005132e+01
  -6.8180364e+01   4.2762496e+01
  -6.7985577e+01   4.2576307e+01
  -6.7829748e+01   4.2331988e+01
  -6.7888184e+01   4.2028867e+01
  -6.8024535e+01   4.1796942e+01
  -6.7985577e+01   4.1666115e+01
  -6.7966099e+01   4.1110796e+01
  -6.8082971e+01   4.0328365e+01
  -6.8453066e+01   4.0075451e+01
  -6.9017949e+01   3.9866460e+01
  -6.9797097e+01   3.9626833e+01
  -7.0361980e+01   3.9416475e+01
  -7.1063213e+01   3.9220573e+01
  -7.1686532e+01   3.9099745e+01
  -7.2037149e+01   3.8963566e+01
  -7.2173500e+01   3.8629580e+01
  -7.2231936e+01   3.8370429e+01
  -7.2485159e+01   3.8140993e+01
  -7.2699425e+01   3.8125672e+01
  -7.2796818e+01   3.7926200e+01
  -7.3011084e+01   3.7463811e+01
  -7.3147435e+01   3.7029652e+01
  -7.3069520e+01   3.6889570e+01
  -7.3030563e+01   3.6686775e+01
  -7.3050041e+01   3.6514761e+01
  -7.3186392e+01   3.6310977e+01
  -7.3147435e+01   3.6185306e+01
  -7.3069520e+01   3.5964896e+01
  -7.3108478e+01   3.5442920e+01
  -7.3400658e+01   3.4917538e+01
  -7.3868147e+01   3.4533314e+01
  -7.4296679e+01   3.4292269e+01
  -7.4686253e+01   3.4292269e+01
  -7.4958955e+01   3.4597475e+01
  -7.5095306e+01   3.4501215e+01
  -7.5932890e+01   3.4356615e+01
  -7.6533956e+01   3.4585228e+01
